req[2,1,0,10,21,46,108,113,46,70,97,115,116,84,101,115,116,46,97,117,116,104,71,97,109,101,18,154,1,8,233,228,235,4,18,36,101,51,51,99,52,102,57,97,45,101,51,54,53,45,52,52,57,48,45,97,102,101,57,45,55,56,99,53,98,55,50,53,54,51,57,97,26,43,50,51,48,55,49,51,45,97,100,102,55,98,56,54,57,45,52,50,99,53,45,52,52,101,54,45,98,48,53,49,45,100,48,102,51,57,51,102,98,56,99,100,50,42,64,101,51,55,52,48,97,53,100,101,55,99,48,102,100,56,97,99,49,52,99,48,52,57,53,100,54,57,97,50,102,100,53,100,54,99,48,99,48,100,50,98,53,101,51,57,102,102,48,49,52,50,99,101,50,50,50,48,56,99,54,53,102,53,56]
res[3,1,0,10,0,18,149,1,18,81,8,233,228,235,4,16,229,181,24,24,0,34,15,230,139,134,229,174,182,229,164,167,228,184,187,230,149,153,42,5,8,246,78,16,0,50,15,8,193,154,12,16,0,24,224,3,40,229,181,24,48,0,58,7,8,233,157,1,16,205,1,64,0,72,0,82,6,8,7,16,173,212,18,82,6,8,0,16,213,211,18,26,7,233,228,235,4,0,0,0,32,0,42,48,8,1,18,38,8,3,32,1,50,32,8,172,2,16,0,24,3,32,1,40,168,195,1,48,176,234,1,168,2,1,176,2,1,200,2,1,208,2,0,248,2,0,26,4,8,168,174,2,50,3,0,0,0]
req[2,2,0,10,30,46,108,113,46,70,97,115,116,84,101,115,116,46,99,104,101,99,107,78,101,116,119,111,114,107,68,101,108,97,121,18,0]
res[3,2,0,10,0,18,0]
req[2,3,0,10,22,46,108,113,46,70,97,115,116,84,101,115,116,46,101,110,116,101,114,71,97,109,101,18,0]
res[1,10,29,46,108,113,46,78,111,116,105,102,121,80,108,97,121,101,114,76,111,97,100,71,97,109,101,82,101,97,100,121,18,9,10,7,233,228,235,4,0,0,0]
res[3,3,0,10,0,18,2,24,0]
req[2,4,0,10,33,46,108,113,46,70,97,115,116,84,101,115,116,46,102,101,116,99,104,71,97,109,101,80,108,97,121,101,114,83,116,97,116,101,18,0]
res[1,10,19,46,108,113,46,65,99,116,105,111,110,80,114,111,116,111,116,121,112,101,18,19,8,0,18,13,65,99,116,105,111,110,77,74,83,116,97,114,116,26,0]
res[3,4,0,10,0,18,6,18,4,3,3,3,3]
req[2,5,0,10,30,46,108,113,46,70,97,115,116,84,101,115,116,46,99,104,101,99,107,78,101,116,119,111,114,107,68,101,108,97,121,18,0]
res[3,5,0,10,0,18,0]
req[2,6,0,10,30,46,108,113,46,70,97,115,116,84,101,115,116,46,99,104,101,99,107,78,101,116,119,111,114,107,68,101,108,97,121,18,0]
res[3,6,0,10,0,18,0]
res[1,10,19,46,108,113,46,65,99,116,105,111,110,80,114,111,116,111,116,121,112,101,18,204,1,8,1,18,14,65,99,116,105,111,110,78,101,119,82,111,117,110,100,26,183,1,44,3,232,241,245,91,255,33,213,43,18,39,40,119,170,8,105,98,92,95,101,49,101,183,15,13,28,169,189,18,90,118,208,23,136,105,238,218,142,167,152,124,179,213,175,127,198,219,235,189,30,188,52,181,16,19,51,140,217,107,223,92,192,83,150,240,45,128,85,25,246,220,141,195,163,88,111,207,77,139,94,187,144,140,166,130,216,234,7,107,166,197,226,179,199,88,237,231,149,126,136,229,232,220,48,206,26,210,58,29,28,15,115,117,241,60,154,108,12,114,91,7,147,68,10,29,174,24,94,6,83,226,97,248,105,247,192,254,166,162,203,179,255,183,194,226,170,245,223,18,153,195,134,25,56,150,143,143,110,227,16,211,120,20,21,46,117,188,101,46,63,66,111,122,45,112,212,2,24,12,153,226,79]
req[2,7,0,10,30,46,108,113,46,70,97,115,116,84,101,115,116,46,99,104,101,99,107,78,101,116,119,111,114,107,68,101,108,97,121,18,0]
res[3,7,0,10,0,18,0]
req[2,8,0,10,33,46,108,113,46,70,97,115,116,84,101,115,116,46,102,101,116,99,104,71,97,109,101,80,108,97,121,101,114,83,116,97,116,101,18,0]
res[3,8,0,10,0,18,6,18,4,3,3,3,3]
req[2,9,0,10,30,46,108,113,46,70,97,115,116,84,101,115,116,46,99,104,101,99,107,78,101,116,119,111,114,107,68,101,108,97,121,18,0]
res[3,9,0,10,0,18,0]
req[2,10,0,10,30,46,108,113,46,70,97,115,116,84,101,115,116,46,99,104,101,99,107,78,101,116,119,111,114,107,68,101,108,97,121,18,0]
res[3,10,0,10,0,18,0]
req[2,11,0,10,30,46,108,113,46,70,97,115,116,84,101,115,116,46,99,104,101,99,107,78,101,116,119,111,114,107,68,101,108,97,121,18,0]
res[3,11,0,10,0,18,0]
req[2,12,0,10,27,46,108,113,46,70,97,115,116,84,101,115,116,46,105,110,112,117,116,79,112,101,114,97,116,105,111,110,18,12,8,1,26,2,50,115,40,0,48,3,56,0]
res[3,12,0,10,0,18,0]
res[1,10,19,46,108,113,46,65,99,116,105,111,110,80,114,111,116,111,116,121,112,101,18,37,8,2,18,17,65,99,116,105,111,110,68,105,115,99,97,114,100,84,105,108,101,26,14,149,124,99,104,84,167,78,156,117,202,153,158,223,147]
res[1,10,19,46,108,113,46,65,99,116,105,111,110,80,114,111,116,111,116,121,112,101,18,26,8,3,18,14,65,99,116,105,111,110,68,101,97,108,84,105,108,101,26,6,157,117,113,38,102,204]
res[1,10,19,46,108,113,46,65,99,116,105,111,110,80,114,111,116,111,116,121,112,101,18,37,8,4,18,17,65,99,116,105,111,110,68,105,115,99,97,114,100,84,105,108,101,26,14,149,125,99,104,80,174,78,156,117,202,153,158,223,147]
req[2,13,0,10,30,46,108,113,46,70,97,115,116,84,101,115,116,46,99,104,101,99,107,78,101,116,119,111,114,107,68,101,108,97,121,18,0]
res[3,13,0,10,0,18,0]
res[1,10,19,46,108,113,46,65,99,116,105,111,110,80,114,111,116,111,116,121,112,101,18,26,8,5,18,14,65,99,116,105,111,110,68,101,97,108,84,105,108,101,26,6,157,118,113,33,102,204]
res[1,10,19,46,108,113,46,65,99,116,105,111,110,80,114,111,116,111,116,121,112,101,18,37,8,6,18,17,65,99,116,105,111,110,68,105,115,99,97,114,100,84,105,108,101,26,14,149,126,99,104,84,174,78,156,117,202,153,158,223,147]
res[1,10,19,46,108,113,46,65,99,116,105,111,110,80,114,111,116,111,116,121,112,101,18,26,8,7,18,14,65,99,116,105,111,110,68,101,97,108,84,105,108,101,26,6,157,119,113,32,102,204]
res[1,10,19,46,108,113,46,65,99,116,105,111,110,80,114,111,116,111,116,121,112,101,18,58,8,8,18,17,65,99,116,105,111,110,68,105,115,99,97,114,100,84,105,108,101,26,35,176,148,158,135,183,130,105,183,90,246,204,185,160,167,20,157,246,160,36,156,154,233,182,105,203,57,50,152,12,59,13,56,118,176,62]
req[2,14,0,10,30,46,108,113,46,70,97,115,116,84,101,115,116,46,99,104,101,99,107,78,101,116,119,111,114,107,68,101,108,97,121,18,0]
res[3,14,0,10,0,18,0]
req[2,15,0,10,29,46,108,113,46,70,97,115,116,84,101,115,116,46,105,110,112,117,116,67,104,105,80,101,110,103,71,97,110,103,18,6,8,3,16,0,48,1]
res[3,15,0,10,0,18,0]
res[1,10,19,46,108,113,46,65,99,116,105,111,110,80,114,111,116,111,116,121,112,101,18,68,8,9,18,17,65,99,116,105,111,110,67,104,105,80,101,110,103,71,97,110,103,26,45,182,157,130,138,157,247,65,208,100,233,252,210,162,182,20,201,200,168,24,247,239,215,241,71,209,5,222,77,37,11,16,56,17,222,68,45,146,246,84,7,59,227,41,113,50]
req[2,16,0,10,30,46,108,113,46,70,97,115,116,84,101,115,116,46,99,104,101,99,107,78,101,116,119,111,114,107,68,101,108,97,121,18,0]
res[3,16,0,10,0,18,0]
req[2,17,0,10,27,46,108,113,46,70,97,115,116,84,101,115,116,46,105,110,112,117,116,79,112,101,114,97,116,105,111,110,18,12,8,1,26,2,52,109,40,0,48,0,56,0]
res[3,17,0,10,0,18,0]
res[1,10,19,46,108,113,46,65,99,116,105,111,110,80,114,111,116,111,116,121,112,101,18,37,8,10,18,17,65,99,116,105,111,110,68,105,115,99,97,114,100,84,105,108,101,26,14,149,124,99,104,82,185,78,156,117,202,153,158,223,147]
req[2,18,0,10,30,46,108,113,46,70,97,115,116,84,101,115,116,46,99,104,101,99,107,78,101,116,119,111,114,107,68,101,108,97,121,18,0]
res[3,18,0,10,0,18,0]
res[1,10,19,46,108,113,46,65,99,116,105,111,110,80,114,111,116,111,116,121,112,101,18,26,8,11,18,14,65,99,116,105,111,110,68,101,97,108,84,105,108,101,26,6,157,117,113,35,102,204]
res[1,10,19,46,108,113,46,65,99,116,105,111,110,80,114,111,116,111,116,121,112,101,18,37,8,12,18,17,65,99,116,105,111,110,68,105,115,99,97,114,100,84,105,108,101,26,14,149,125,99,104,83,164,78,156,117,203,153,158,223,147]
res[1,10,19,46,108,113,46,65,99,116,105,111,110,80,114,111,116,111,116,121,112,101,18,26,8,13,18,14,65,99,116,105,111,110,68,101,97,108,84,105,108,101,26,6,157,118,113,34,102,204]
res[1,10,19,46,108,113,46,65,99,116,105,111,110,80,114,111,116,111,116,121,112,101,18,37,8,14,18,17,65,99,116,105,111,110,68,105,115,99,97,114,100,84,105,108,101,26,14,149,126,99,104,87,174,78,156,117,203,153,158,223,147]
req[2,19,0,10,30,46,108,113,46,70,97,115,116,84,101,115,116,46,99,104,101,99,107,78,101,116,119,111,114,107,68,101,108,97,121,18,0]
res[3,19,0,10,0,18,0]
res[1,10,19,46,108,113,46,65,99,116,105,111,110,80,114,111,116,111,116,121,112,101,18,26,8,15,18,14,65,99,116,105,111,110,68,101,97,108,84,105,108,101,26,6,157,119,113,93,102,204]
res[1,10,19,46,108,113,46,65,99,116,105,111,110,80,114,111,116,111,116,121,112,101,18,37,8,16,18,17,65,99,116,105,111,110,68,105,115,99,97,114,100,84,105,108,101,26,14,149,127,99,104,83,174,78,156,117,202,153,158,223,147]
res[1,10,19,46,108,113,46,65,99,116,105,111,110,80,114,111,116,111,116,121,112,101,18,50,8,17,18,17,65,99,116,105,111,110,67,104,105,80,101,110,103,71,97,110,103,26,27,152,110,116,92,67,197,124,245,74,191,169,235,144,132,193,12,158,126,235,200,189,143,179,107,161,233,170]
res[1,10,19,46,108,113,46,65,99,116,105,111,110,80,114,111,116,111,116,121,112,101,18,37,8,18,18,17,65,99,116,105,111,110,68,105,115,99,97,114,100,84,105,108,101,26,14,149,125,99,104,85,174,78,156,117,202,153,158,223,147]
req[2,20,0,10,30,46,108,113,46,70,97,115,116,84,101,115,116,46,99,104,101,99,107,78,101,116,119,111,114,107,68,101,108,97,121,18,0]
res[3,20,0,10,0,18,0]
res[1,10,19,46,108,113,46,65,99,116,105,111,110,80,114,111,116,111,116,121,112,101,18,26,8,19,18,14,65,99,116,105,111,110,68,101,97,108,84,105,108,101,26,6,157,118,113,92,102,204]
res[1,10,19,46,108,113,46,65,99,116,105,111,110,80,114,111,116,111,116,121,112,101,18,37,8,20,18,17,65,99,116,105,111,110,68,105,115,99,97,114,100,84,105,108,101,26,14,149,126,99,104,87,185,78,156,117,202,153,158,223,147]
res[1,10,19,46,108,113,46,65,99,116,105,111,110,80,114,111,116,111,116,121,112,101,18,26,8,21,18,14,65,99,116,105,111,110,68,101,97,108,84,105,108,101,26,6,157,119,113,95,102,204]
res[1,10,19,46,108,113,46,65,99,116,105,111,110,80,114,111,116,111,116,121,112,101,18,37,8,22,18,17,65,99,116,105,111,110,68,105,115,99,97,114,100,84,105,108,101,26,14,149,127,99,104,95,164,78,156,117,203,153,158,223,147]
req[2,21,0,10,30,46,108,113,46,70,97,115,116,84,101,115,116,46,99,104,101,99,107,78,101,116,119,111,114,107,68,101,108,97,121,18,0]
res[3,21,0,10,0,18,0]
res[1,10,19,46,108,113,46,65,99,116,105,111,110,80,114,111,116,111,116,121,112,101,18,44,8,23,18,14,65,99,116,105,111,110,68,101,97,108,84,105,108,101,26,24,155,114,117,98,107,167,84,174,113,204,151,148,159,139,255,120,159,128,197,44,102,168,142,36]
req[2,22,0,10,27,46,108,113,46,70,97,115,116,84,101,115,116,46,105,110,112,117,116,79,112,101,114,97,116,105,111,110,18,12,8,1,26,2,48,112,40,0,48,1,56,0]
req[2,23,0,10,30,46,108,113,46,70,97,115,116,84,101,115,116,46,99,104,101,99,107,78,101,116,119,111,114,107,68,101,108,97,121,18,0]
res[3,22,0,10,0,18,0]
res[1,10,19,46,108,113,46,65,99,116,105,111,110,80,114,111,116,111,116,121,112,101,18,37,8,24,18,17,65,99,116,105,111,110,68,105,115,99,97,114,100,84,105,108,101,26,14,149,124,99,104,86,164,78,156,117,202,153,158,223,147]
res[3,23,0,10,0,18,0]
res[1,10,19,46,108,113,46,65,99,116,105,111,110,80,114,111,116,111,116,121,112,101,18,26,8,25,18,14,65,99,116,105,111,110,68,101,97,108,84,105,108,101,26,6,157,117,113,89,102,204]
res[1,10,19,46,108,113,46,65,99,116,105,111,110,80,114,111,116,111,116,121,112,101,18,37,8,26,18,17,65,99,116,105,111,110,68,105,115,99,97,114,100,84,105,108,101,26,14,149,125,99,104,84,185,78,156,117,203,153,158,223,147]
res[1,10,19,46,108,113,46,65,99,116,105,111,110,80,114,111,116,111,116,121,112,101,18,26,8,27,18,14,65,99,116,105,111,110,68,101,97,108,84,105,108,101,26,6,157,118,113,88,102,204]
req[2,24,0,10,30,46,108,113,46,70,97,115,116,84,101,115,116,46,99,104,101,99,107,78,101,116,119,111,114,107,68,101,108,97,121,18,0]
res[1,10,19,46,108,113,46,65,99,116,105,111,110,80,114,111,116,111,116,121,112,101,18,37,8,28,18,17,65,99,116,105,111,110,68,105,115,99,97,114,100,84,105,108,101,26,14,149,126,99,104,83,185,78,156,117,203,153,158,223,147]
res[3,24,0,10,0,18,0]
res[1,10,19,46,108,113,46,65,99,116,105,111,110,80,114,111,116,111,116,121,112,101,18,26,8,29,18,14,65,99,116,105,111,110,68,101,97,108,84,105,108,101,26,6,157,119,113,91,102,204]
res[1,10,19,46,108,113,46,65,99,116,105,111,110,80,114,111,116,111,116,121,112,101,18,37,8,30,18,17,65,99,116,105,111,110,68,105,115,99,97,114,100,84,105,108,101,26,14,149,127,99,104,95,164,78,156,117,203,153,158,223,147]
res[1,10,19,46,108,113,46,65,99,116,105,111,110,80,114,111,116,111,116,121,112,101,18,44,8,31,18,14,65,99,116,105,111,110,68,101,97,108,84,105,108,101,26,24,155,114,117,98,104,167,84,170,113,204,151,148,159,139,255,120,159,128,197,44,102,168,142,36]
req[2,25,0,10,30,46,108,113,46,70,97,115,116,84,101,115,116,46,99,104,101,99,107,78,101,116,119,111,114,107,68,101,108,97,121,18,0]
res[3,25,0,10,0,18,0]
req[2,26,0,10,27,46,108,113,46,70,97,115,116,84,101,115,116,46,105,110,112,117,116,79,112,101,114,97,116,105,111,110,18,12,8,1,26,2,56,112,40,0,48,1,56,0]
res[3,26,0,10,0,18,0]
res[1,10,19,46,108,113,46,65,99,116,105,111,110,80,114,111,116,111,116,121,112,101,18,37,8,32,18,17,65,99,116,105,111,110,68,105,115,99,97,114,100,84,105,108,101,26,14,149,124,99,104,94,164,78,156,117,202,153,158,223,147]
res[1,10,19,46,108,113,46,65,99,116,105,111,110,80,114,111,116,111,116,121,112,101,18,26,8,33,18,14,65,99,116,105,111,110,68,101,97,108,84,105,108,101,26,6,157,117,113,85,102,204]
req[2,27,0,10,30,46,108,113,46,70,97,115,116,84,101,115,116,46,99,104,101,99,107,78,101,116,119,111,114,107,68,101,108,97,121,18,0]
res[3,27,0,10,0,18,0]
res[1,10,19,46,108,113,46,65,99,116,105,111,110,80,114,111,116,111,116,121,112,101,18,37,8,34,18,17,65,99,116,105,111,110,68,105,115,99,97,114,100,84,105,108,101,26,14,149,125,99,104,87,185,78,156,117,202,153,158,223,147]
res[1,10,19,46,108,113,46,65,99,116,105,111,110,80,114,111,116,111,116,121,112,101,18,26,8,35,18,14,65,99,116,105,111,110,68,101,97,108,84,105,108,101,26,6,157,118,113,84,102,204]
res[1,10,19,46,108,113,46,65,99,116,105,111,110,80,114,111,116,111,116,121,112,101,18,37,8,36,18,17,65,99,116,105,111,110,68,105,115,99,97,114,100,84,105,108,101,26,14,149,126,99,104,87,167,78,156,117,202,153,158,223,147]
res[1,10,19,46,108,113,46,65,99,116,105,111,110,80,114,111,116,111,116,121,112,101,18,26,8,37,18,14,65,99,116,105,111,110,68,101,97,108,84,105,108,101,26,6,157,119,113,87,102,204]
req[2,28,0,10,30,46,108,113,46,70,97,115,116,84,101,115,116,46,99,104,101,99,107,78,101,116,119,111,114,107,68,101,108,97,121,18,0]
res[3,28,0,10,0,18,0]
res[1,10,19,46,108,113,46,65,99,116,105,111,110,80,114,111,116,111,116,121,112,101,18,37,8,38,18,17,65,99,116,105,111,110,68,105,115,99,97,114,100,84,105,108,101,26,14,149,127,99,104,84,174,78,156,117,203,153,158,223,147]
res[1,10,19,46,108,113,46,65,99,116,105,111,110,80,114,111,116,111,116,121,112,101,18,44,8,39,18,14,65,99,116,105,111,110,68,101,97,108,84,105,108,101,26,24,155,114,117,98,110,185,84,166,113,204,151,148,159,139,255,120,159,128,197,44,102,168,142,36]
req[2,29,0,10,30,46,108,113,46,70,97,115,116,84,101,115,116,46,99,104,101,99,107,78,101,116,119,111,114,107,68,101,108,97,121,18,0]
res[3,29,0,10,0,18,0]
req[2,30,0,10,30,46,108,113,46,70,97,115,116,84,101,115,116,46,99,104,101,99,107,78,101,116,119,111,114,107,68,101,108,97,121,18,0]
res[3,30,0,10,0,18,0]
req[2,31,0,10,30,46,108,113,46,70,97,115,116,84,101,115,116,46,99,104,101,99,107,78,101,116,119,111,114,107,68,101,108,97,121,18,0]
res[3,31,0,10,0,18,0]
req[2,32,0,10,30,46,108,113,46,70,97,115,116,84,101,115,116,46,99,104,101,99,107,78,101,116,119,111,114,107,68,101,108,97,121,18,0]
res[3,32,0,10,0,18,0]
req[2,33,0,10,30,46,108,113,46,70,97,115,116,84,101,115,116,46,99,104,101,99,107,78,101,116,119,111,114,107,68,101,108,97,121,18,0]
res[3,33,0,10,0,18,0]
req[2,34,0,10,30,46,108,113,46,70,97,115,116,84,101,115,116,46,99,104,101,99,107,78,101,116,119,111,114,107,68,101,108,97,121,18,0]
res[3,34,0,10,0,18,0]
req[2,35,0,10,30,46,108,113,46,70,97,115,116,84,101,115,116,46,99,104,101,99,107,78,101,116,119,111,114,107,68,101,108,97,121,18,0]
res[3,35,0,10,0,18,0]
req[2,36,0,10,30,46,108,113,46,70,97,115,116,84,101,115,116,46,99,104,101,99,107,78,101,116,119,111,114,107,68,101,108,97,121,18,0]
res[3,36,0,10,0,18,0]
req[2,37,0,10,30,46,108,113,46,70,97,115,116,84,101,115,116,46,99,104,101,99,107,78,101,116,119,111,114,107,68,101,108,97,121,18,0]
res[3,37,0,10,0,18,0]
req[2,38,0,10,30,46,108,113,46,70,97,115,116,84,101,115,116,46,99,104,101,99,107,78,101,116,119,111,114,107,68,101,108,97,121,18,0]
res[3,38,0,10,0,18,0]
req[2,39,0,10,30,46,108,113,46,70,97,115,116,84,101,115,116,46,99,104,101,99,107,78,101,116,119,111,114,107,68,101,108,97,121,18,0]
res[3,39,0,10,0,18,0]
req[2,40,0,10,30,46,108,113,46,70,97,115,116,84,101,115,116,46,99,104,101,99,107,78,101,116,119,111,114,107,68,101,108,97,121,18,0]
res[3,40,0,10,0,18,0]
req[2,41,0,10,30,46,108,113,46,70,97,115,116,84,101,115,116,46,99,104,101,99,107,78,101,116,119,111,114,107,68,101,108,97,121,18,0]
res[3,41,0,10,0,18,0]
req[2,42,0,10,30,46,108,113,46,70,97,115,116,84,101,115,116,46,99,104,101,99,107,78,101,116,119,111,114,107,68,101,108,97,121,18,0]
res[3,42,0,10,0,18,0]
req[2,43,0,10,30,46,108,113,46,70,97,115,116,84,101,115,116,46,99,104,101,99,107,78,101,116,119,111,114,107,68,101,108,97,121,18,0]
res[3,43,0,10,0,18,0]
req[2,44,0,10,30,46,108,113,46,70,97,115,116,84,101,115,116,46,99,104,101,99,107,78,101,116,119,111,114,107,68,101,108,97,121,18,0]
res[3,44,0,10,0,18,0]
req[2,45,0,10,30,46,108,113,46,70,97,115,116,84,101,115,116,46,99,104,101,99,107,78,101,116,119,111,114,107,68,101,108,97,121,18,0]
res[3,45,0,10,0,18,0]
req[2,46,0,10,30,46,108,113,46,70,97,115,116,84,101,115,116,46,99,104,101,99,107,78,101,116,119,111,114,107,68,101,108,97,121,18,0]
res[3,46,0,10,0,18,0]
req[2,47,0,10,30,46,108,113,46,70,97,115,116,84,101,115,116,46,99,104,101,99,107,78,101,116,119,111,114,107,68,101,108,97,121,18,0]
res[3,47,0,10,0,18,0]
req[2,48,0,10,30,46,108,113,46,70,97,115,116,84,101,115,116,46,99,104,101,99,107,78,101,116,119,111,114,107,68,101,108,97,121,18,0]
res[3,48,0,10,0,18,0]
req[2,49,0,10,30,46,108,113,46,70,97,115,116,84,101,115,116,46,99,104,101,99,107,78,101,116,119,111,114,107,68,101,108,97,121,18,0]
res[3,49,0,10,0,18,0]
req[2,50,0,10,30,46,108,113,46,70,97,115,116,84,101,115,116,46,99,104,101,99,107,78,101,116,119,111,114,107,68,101,108,97,121,18,0]
res[3,50,0,10,0,18,0]
req[2,51,0,10,30,46,108,113,46,70,97,115,116,84,101,115,116,46,99,104,101,99,107,78,101,116,119,111,114,107,68,101,108,97,121,18,0]
res[3,51,0,10,0,18,0]
req[2,52,0,10,30,46,108,113,46,70,97,115,116,84,101,115,116,46,99,104,101,99,107,78,101,116,119,111,114,107,68,101,108,97,121,18,0]
res[3,52,0,10,0,18,0]
req[2,53,0,10,30,46,108,113,46,70,97,115,116,84,101,115,116,46,99,104,101,99,107,78,101,116,119,111,114,107,68,101,108,97,121,18,0]
res[3,53,0,10,0,18,0]
req[2,54,0,10,30,46,108,113,46,70,97,115,116,84,101,115,116,46,99,104,101,99,107,78,101,116,119,111,114,107,68,101,108,97,121,18,0]
res[3,54,0,10,0,18,0]
req[2,55,0,10,30,46,108,113,46,70,97,115,116,84,101,115,116,46,99,104,101,99,107,78,101,116,119,111,114,107,68,101,108,97,121,18,0]
res[3,55,0,10,0,18,0]
req[2,56,0,10,30,46,108,113,46,70,97,115,116,84,101,115,116,46,99,104,101,99,107,78,101,116,119,111,114,107,68,101,108,97,121,18,0]
res[3,56,0,10,0,18,0]
req[2,57,0,10,30,46,108,113,46,70,97,115,116,84,101,115,116,46,99,104,101,99,107,78,101,116,119,111,114,107,68,101,108,97,121,18,0]
res[3,57,0,10,0,18,0]
req[2,58,0,10,30,46,108,113,46,70,97,115,116,84,101,115,116,46,99,104,101,99,107,78,101,116,119,111,114,107,68,101,108,97,121,18,0]
res[3,58,0,10,0,18,0]
req[2,59,0,10,30,46,108,113,46,70,97,115,116,84,101,115,116,46,99,104,101,99,107,78,101,116,119,111,114,107,68,101,108,97,121,18,0]
res[3,59,0,10,0,18,0]
req[2,60,0,10,30,46,108,113,46,70,97,115,116,84,101,115,116,46,99,104,101,99,107,78,101,116,119,111,114,107,68,101,108,97,121,18,0]
res[3,60,0,10,0,18,0]
req[2,61,0,10,30,46,108,113,46,70,97,115,116,84,101,115,116,46,99,104,101,99,107,78,101,116,119,111,114,107,68,101,108,97,121,18,0]
res[3,61,0,10,0,18,0]
req[2,62,0,10,30,46,108,113,46,70,97,115,116,84,101,115,116,46,99,104,101,99,107,78,101,116,119,111,114,107,68,101,108,97,121,18,0]
res[3,62,0,10,0,18,0]
req[2,63,0,10,30,46,108,113,46,70,97,115,116,84,101,115,116,46,99,104,101,99,107,78,101,116,119,111,114,107,68,101,108,97,121,18,0]
res[3,63,0,10,0,18,0]
req[2,64,0,10,30,46,108,113,46,70,97,115,116,84,101,115,116,46,99,104,101,99,107,78,101,116,119,111,114,107,68,101,108,97,121,18,0]
res[3,64,0,10,0,18,0]
req[2,65,0,10,30,46,108,113,46,70,97,115,116,84,101,115,116,46,99,104,101,99,107,78,101,116,119,111,114,107,68,101,108,97,121,18,0]
res[3,65,0,10,0,18,0]
req[2,66,0,10,30,46,108,113,46,70,97,115,116,84,101,115,116,46,99,104,101,99,107,78,101,116,119,111,114,107,68,101,108,97,121,18,0]
res[3,66,0,10,0,18,0]
req[2,67,0,10,30,46,108,113,46,70,97,115,116,84,101,115,116,46,99,104,101,99,107,78,101,116,119,111,114,107,68,101,108,97,121,18,0]
res[3,67,0,10,0,18,0]
req[2,68,0,10,30,46,108,113,46,70,97,115,116,84,101,115,116,46,99,104,101,99,107,78,101,116,119,111,114,107,68,101,108,97,121,18,0]
res[3,68,0,10,0,18,0]
req[2,69,0,10,30,46,108,113,46,70,97,115,116,84,101,115,116,46,99,104,101,99,107,78,101,116,119,111,114,107,68,101,108,97,121,18,0]
res[3,69,0,10,0,18,0]
req[2,70,0,10,27,46,108,113,46,70,97,115,116,84,101,115,116,46,105,110,112,117,116,79,112,101,114,97,116,105,111,110,18,12,8,1,26,2,53,115,40,0,48,81,56,0]
res[3,70,0,10,0,18,0]
res[1,10,19,46,108,113,46,65,99,116,105,111,110,80,114,111,116,111,116,121,112,101,18,37,8,40,18,17,65,99,116,105,111,110,68,105,115,99,97,114,100,84,105,108,101,26,14,149,124,99,104,83,167,78,156,117,202,153,158,223,147]
res[1,10,19,46,108,113,46,65,99,116,105,111,110,80,114,111,116,111,116,121,112,101,18,26,8,41,18,14,65,99,116,105,111,110,68,101,97,108,84,105,108,101,26,6,157,117,113,81,102,204]
res[1,10,19,46,108,113,46,65,99,116,105,111,110,80,114,111,116,111,116,121,112,101,18,37,8,42,18,17,65,99,116,105,111,110,68,105,115,99,97,114,100,84,105,108,101,26,14,149,125,99,104,94,167,78,156,117,203,153,158,223,147]
res[1,10,19,46,108,113,46,65,99,116,105,111,110,80,114,111,116,111,116,121,112,101,18,26,8,43,18,14,65,99,116,105,111,110,68,101,97,108,84,105,108,101,26,6,157,118,113,80,102,204]
req[2,71,0,10,30,46,108,113,46,70,97,115,116,84,101,115,116,46,99,104,101,99,107,78,101,116,119,111,114,107,68,101,108,97,121,18,0]
res[3,71,0,10,0,18,0]
res[1,10,19,46,108,113,46,65,99,116,105,111,110,80,114,111,116,111,116,121,112,101,18,37,8,44,18,17,65,99,116,105,111,110,68,105,115,99,97,114,100,84,105,108,101,26,14,149,126,99,104,84,185,78,156,117,202,153,158,223,147]
res[1,10,19,46,108,113,46,65,99,116,105,111,110,80,114,111,116,111,116,121,112,101,18,26,8,45,18,14,65,99,116,105,111,110,68,101,97,108,84,105,108,101,26,6,157,119,113,83,102,204]
res[1,10,19,46,108,113,46,65,99,116,105,111,110,80,114,111,116,111,116,121,112,101,18,37,8,46,18,17,65,99,116,105,111,110,68,105,115,99,97,114,100,84,105,108,101,26,14,149,127,99,104,95,185,78,156,117,203,153,158,223,147]
res[1,10,19,46,108,113,46,65,99,116,105,111,110,80,114,111,116,111,116,121,112,101,18,44,8,47,18,14,65,99,116,105,111,110,68,101,97,108,84,105,108,101,26,24,155,114,117,98,107,186,84,162,113,204,151,148,159,139,255,120,159,128,197,44,102,168,142,36]
req[2,72,0,10,30,46,108,113,46,70,97,115,116,84,101,115,116,46,99,104,101,99,107,78,101,116,119,111,114,107,68,101,108,97,121,18,0]
res[3,72,0,10,0,18,0]
req[2,73,0,10,27,46,108,113,46,70,97,115,116,84,101,115,116,46,105,110,112,117,116,79,112,101,114,97,116,105,111,110,18,12,8,1,26,2,50,115,40,0,48,1,56,0]
res[3,73,0,10,0,18,0]
res[1,10,19,46,108,113,46,65,99,116,105,111,110,80,114,111,116,111,116,121,112,101,18,37,8,48,18,17,65,99,116,105,111,110,68,105,115,99,97,114,100,84,105,108,101,26,14,149,124,99,104,84,167,78,156,117,202,153,158,223,147]
req[2,74,0,10,30,46,108,113,46,70,97,115,116,84,101,115,116,46,99,104,101,99,107,78,101,116,119,111,114,107,68,101,108,97,121,18,0]
res[3,74,0,10,0,18,0]
res[1,10,19,46,108,113,46,65,99,116,105,111,110,80,114,111,116,111,116,121,112,101,18,26,8,49,18,14,65,99,116,105,111,110,68,101,97,108,84,105,108,101,26,6,157,117,113,77,102,204]
res[1,10,19,46,108,113,46,65,99,116,105,111,110,80,114,111,116,111,116,121,112,101,18,37,8,50,18,17,65,99,116,105,111,110,68,105,115,99,97,114,100,84,105,108,101,26,14,149,125,99,104,81,164,78,156,117,202,153,158,223,147]
res[1,10,19,46,108,113,46,65,99,116,105,111,110,80,114,111,116,111,116,121,112,101,18,26,8,51,18,14,65,99,116,105,111,110,68,101,97,108,84,105,108,101,26,6,157,118,113,76,102,204]
res[1,10,19,46,108,113,46,65,99,116,105,111,110,80,114,111,116,111,116,121,112,101,18,37,8,52,18,17,65,99,116,105,111,110,68,105,115,99,97,114,100,84,105,108,101,26,14,149,126,99,104,94,185,78,156,117,203,153,158,223,147]
req[2,75,0,10,30,46,108,113,46,70,97,115,116,84,101,115,116,46,99,104,101,99,107,78,101,116,119,111,114,107,68,101,108,97,121,18,0]
res[3,75,0,10,0,18,0]
res[1,10,19,46,108,113,46,65,99,116,105,111,110,80,114,111,116,111,116,121,112,101,18,26,8,53,18,14,65,99,116,105,111,110,68,101,97,108,84,105,108,101,26,6,157,119,113,79,102,204]
res[1,10,19,46,108,113,46,65,99,116,105,111,110,80,114,111,116,111,116,121,112,101,18,37,8,54,18,17,65,99,116,105,111,110,68,105,115,99,97,114,100,84,105,108,101,26,14,149,127,99,104,83,174,78,156,117,203,153,158,223,147]
res[1,10,19,46,108,113,46,65,99,116,105,111,110,80,114,111,116,111,116,121,112,101,18,44,8,55,18,14,65,99,116,105,111,110,68,101,97,108,84,105,108,101,26,24,155,114,117,98,110,185,84,190,113,204,151,148,159,139,255,120,159,128,197,44,102,168,142,36]
req[2,76,0,10,30,46,108,113,46,70,97,115,116,84,101,115,116,46,99,104,101,99,107,78,101,116,119,111,114,107,68,101,108,97,121,18,0]
res[3,76,0,10,0,18,0]
req[2,77,0,10,27,46,108,113,46,70,97,115,116,84,101,115,116,46,105,110,112,117,116,79,112,101,114,97,116,105,111,110,18,12,8,1,26,2,50,115,40,1,48,1,56,0]
res[3,77,0,10,0,18,0]
res[1,10,19,46,108,113,46,65,99,116,105,111,110,80,114,111,116,111,116,121,112,101,18,37,8,56,18,17,65,99,116,105,111,110,68,105,115,99,97,114,100,84,105,108,101,26,14,149,124,99,104,84,167,78,156,117,203,153,158,223,147]
res[1,10,19,46,108,113,46,65,99,116,105,111,110,80,114,111,116,111,116,121,112,101,18,26,8,57,18,14,65,99,116,105,111,110,68,101,97,108,84,105,108,101,26,6,157,117,113,73,102,204]
res[1,10,19,46,108,113,46,65,99,116,105,111,110,80,114,111,116,111,116,121,112,101,18,37,8,58,18,17,65,99,116,105,111,110,68,105,115,99,97,114,100,84,105,108,101,26,14,149,125,99,104,83,167,78,156,117,203,153,158,223,147]
req[2,78,0,10,30,46,108,113,46,70,97,115,116,84,101,115,116,46,99,104,101,99,107,78,101,116,119,111,114,107,68,101,108,97,121,18,0]
res[3,78,0,10,0,18,0]
res[1,10,19,46,108,113,46,65,99,116,105,111,110,80,114,111,116,111,116,121,112,101,18,26,8,59,18,14,65,99,116,105,111,110,68,101,97,108,84,105,108,101,26,6,157,118,113,72,102,204]
res[1,10,19,46,108,113,46,65,99,116,105,111,110,80,114,111,116,111,116,121,112,101,18,37,8,60,18,17,65,99,116,105,111,110,68,105,115,99,97,114,100,84,105,108,101,26,14,149,126,99,104,87,174,78,156,117,203,153,158,223,147]
res[1,10,19,46,108,113,46,65,99,116,105,111,110,80,114,111,116,111,116,121,112,101,18,26,8,61,18,14,65,99,116,105,111,110,68,101,97,108,84,105,108,101,26,6,157,119,113,75,102,204]
res[1,10,19,46,108,113,46,65,99,116,105,111,110,80,114,111,116,111,116,121,112,101,18,37,8,62,18,17,65,99,116,105,111,110,68,105,115,99,97,114,100,84,105,108,101,26,14,149,127,99,104,95,164,78,156,117,202,153,158,223,147]
req[2,79,0,10,30,46,108,113,46,70,97,115,116,84,101,115,116,46,99,104,101,99,107,78,101,116,119,111,114,107,68,101,108,97,121,18,0]
res[3,79,0,10,0,18,0]
res[1,10,19,46,108,113,46,65,99,116,105,111,110,80,114,111,116,111,116,121,112,101,18,44,8,63,18,14,65,99,116,105,111,110,68,101,97,108,84,105,108,101,26,24,155,114,117,98,111,186,84,186,113,204,151,148,159,139,255,120,159,128,197,44,102,168,142,36]
req[2,80,0,10,27,46,108,113,46,70,97,115,116,84,101,115,116,46,105,110,112,117,116,79,112,101,114,97,116,105,111,110,18,12,8,1,26,2,49,122,40,0,48,1,56,0]
res[3,80,0,10,0,18,0]
res[1,10,19,46,108,113,46,65,99,116,105,111,110,80,114,111,116,111,116,121,112,101,18,37,8,64,18,17,65,99,116,105,111,110,68,105,115,99,97,114,100,84,105,108,101,26,14,149,124,99,104,87,174,78,156,117,202,153,158,223,147]
res[1,10,19,46,108,113,46,65,99,116,105,111,110,80,114,111,116,111,116,121,112,101,18,26,8,65,18,14,65,99,116,105,111,110,68,101,97,108,84,105,108,101,26,6,157,117,113,69,102,204]
req[2,81,0,10,30,46,108,113,46,70,97,115,116,84,101,115,116,46,99,104,101,99,107,78,101,116,119,111,114,107,68,101,108,97,121,18,0]
res[3,81,0,10,0,18,0]
res[1,10,19,46,108,113,46,65,99,116,105,111,110,80,114,111,116,111,116,121,112,101,18,58,8,66,18,17,65,99,116,105,111,110,68,105,115,99,97,114,100,84,105,108,101,26,35,176,150,158,135,182,149,105,183,90,246,204,185,160,167,20,157,246,160,37,139,154,232,161,105,203,57,50,152,12,59,13,56,118,176,62]
req[2,82,0,10,30,46,108,113,46,70,97,115,116,84,101,115,116,46,99,104,101,99,107,78,101,116,119,111,114,107,68,101,108,97,121,18,0]
res[3,82,0,10,0,18,0]
req[2,83,0,10,29,46,108,113,46,70,97,115,116,84,101,115,116,46,105,110,112,117,116,67,104,105,80,101,110,103,71,97,110,103,18,6,8,3,16,0,48,1]
res[3,83,0,10,0,18,0]
res[1,10,19,46,108,113,46,65,99,116,105,111,110,80,114,111,116,111,116,121,112,101,18,68,8,67,18,17,65,99,116,105,111,110,67,104,105,80,101,110,103,71,97,110,103,26,45,182,157,130,138,157,247,64,199,100,233,253,197,162,182,21,222,200,168,24,247,237,215,241,71,209,5,222,77,37,11,16,57,6,222,68,45,146,246,84,7,59,227,41,113,50]
req[2,84,0,10,27,46,108,113,46,70,97,115,116,84,101,115,116,46,105,110,112,117,116,79,112,101,114,97,116,105,111,110,18,12,8,1,26,2,51,112,40,0,48,0,56,0]
res[3,84,0,10,0,18,0]
res[1,10,19,46,108,113,46,65,99,116,105,111,110,80,114,111,116,111,116,121,112,101,18,37,8,68,18,17,65,99,116,105,111,110,68,105,115,99,97,114,100,84,105,108,101,26,14,149,124,99,104,85,164,78,156,117,202,153,158,223,147]
req[2,85,0,10,30,46,108,113,46,70,97,115,116,84,101,115,116,46,99,104,101,99,107,78,101,116,119,111,114,107,68,101,108,97,121,18,0]
res[3,85,0,10,0,18,0]
res[1,10,19,46,108,113,46,65,99,116,105,111,110,80,114,111,116,111,116,121,112,101,18,26,8,69,18,14,65,99,116,105,111,110,68,101,97,108,84,105,108,101,26,6,157,117,113,68,102,204]
res[1,10,19,46,108,113,46,65,99,116,105,111,110,80,114,111,116,111,116,121,112,101,18,37,8,70,18,17,65,99,116,105,111,110,68,105,115,99,97,114,100,84,105,108,101,26,14,149,125,99,104,85,164,78,156,117,203,153,158,223,147]
res[1,10,19,46,108,113,46,65,99,116,105,111,110,80,114,111,116,111,116,121,112,101,18,26,8,71,18,14,65,99,116,105,111,110,68,101,97,108,84,105,108,101,26,6,157,118,113,71,102,204]
res[1,10,19,46,108,113,46,65,99,116,105,111,110,80,114,111,116,111,116,121,112,101,18,37,8,72,18,17,65,99,116,105,111,110,68,105,115,99,97,114,100,84,105,108,101,26,14,149,126,99,104,87,167,78,156,117,203,153,158,223,147]
req[2,86,0,10,30,46,108,113,46,70,97,115,116,84,101,115,116,46,99,104,101,99,107,78,101,116,119,111,114,107,68,101,108,97,121,18,0]
res[3,86,0,10,0,18,0]
res[1,10,19,46,108,113,46,65,99,116,105,111,110,80,114,111,116,111,116,121,112,101,18,26,8,73,18,14,65,99,116,105,111,110,68,101,97,108,84,105,108,101,26,6,157,119,113,70,102,204]
res[1,10,19,46,108,113,46,65,99,116,105,111,110,80,114,111,116,111,116,121,112,101,18,37,8,74,18,17,65,99,116,105,111,110,68,105,115,99,97,114,100,84,105,108,101,26,14,149,127,99,104,84,174,78,156,117,203,153,158,223,147]
res[1,10,19,46,108,113,46,65,99,116,105,111,110,80,114,111,116,111,116,121,112,101,18,44,8,75,18,14,65,99,116,105,111,110,68,101,97,108,84,105,108,101,26,24,155,114,117,98,111,186,84,177,113,204,151,148,159,139,255,120,159,128,197,44,102,168,142,36]
req[2,87,0,10,30,46,108,113,46,70,97,115,116,84,101,115,116,46,99,104,101,99,107,78,101,116,119,111,114,107,68,101,108,97,121,18,0]
res[3,87,0,10,0,18,0]
req[2,88,0,10,27,46,108,113,46,70,97,115,116,84,101,115,116,46,105,110,112,117,116,79,112,101,114,97,116,105,111,110,18,12,8,1,26,2,51,112,40,1,48,1,56,0]
res[3,88,0,10,0,18,0]
res[1,10,19,46,108,113,46,65,99,116,105,111,110,80,114,111,116,111,116,121,112,101,18,37,8,76,18,17,65,99,116,105,111,110,68,105,115,99,97,114,100,84,105,108,101,26,14,149,124,99,104,85,164,78,156,117,203,153,158,223,147]
res[1,10,19,46,108,113,46,65,99,116,105,111,110,80,114,111,116,111,116,121,112,101,18,26,8,77,18,14,65,99,116,105,111,110,68,101,97,108,84,105,108,101,26,6,157,117,113,64,102,204]
res[1,10,19,46,108,113,46,65,99,116,105,111,110,80,114,111,116,111,116,121,112,101,18,37,8,78,18,17,65,99,116,105,111,110,68,105,115,99,97,114,100,84,105,108,101,26,14,149,125,99,104,87,164,78,156,117,203,153,158,223,147]
req[2,89,0,10,30,46,108,113,46,70,97,115,116,84,101,115,116,46,99,104,101,99,107,78,101,116,119,111,114,107,68,101,108,97,121,18,0]
res[1,10,19,46,108,113,46,65,99,116,105,111,110,80,114,111,116,111,116,121,112,101,18,26,8,79,18,14,65,99,116,105,111,110,68,101,97,108,84,105,108,101,26,6,157,118,113,67,102,204]
res[3,89,0,10,0,18,0]
res[1,10,19,46,108,113,46,65,99,116,105,111,110,80,114,111,116,111,116,121,112,101,18,37,8,80,18,17,65,99,116,105,111,110,68,105,115,99,97,114,100,84,105,108,101,26,14,149,126,99,104,95,185,78,156,117,203,153,158,223,147]
res[1,10,19,46,108,113,46,65,99,116,105,111,110,80,114,111,116,111,116,121,112,101,18,26,8,81,18,14,65,99,116,105,111,110,68,101,97,108,84,105,108,101,26,6,157,119,113,66,102,204]
res[1,10,19,46,108,113,46,65,99,116,105,111,110,80,114,111,116,111,116,121,112,101,18,37,8,82,18,17,65,99,116,105,111,110,68,105,115,99,97,114,100,84,105,108,101,26,14,149,127,99,104,80,174,78,156,117,202,153,158,223,147]
req[2,90,0,10,30,46,108,113,46,70,97,115,116,84,101,115,116,46,99,104,101,99,107,78,101,116,119,111,114,107,68,101,108,97,121,18,0]
res[1,10,19,46,108,113,46,65,99,116,105,111,110,80,114,111,116,111,116,121,112,101,18,96,8,83,18,14,65,99,116,105,111,110,68,101,97,108,84,105,108,101,26,76,215,190,161,174,158,102,128,193,189,0,227,224,203,215,75,196,43,204,17,248,170,20,58,112,176,10,243,100,113,87,35,46,135,11,111,36,166,2,119,97,68,202,108,147,123,232,175,148,181,137,183,120,247,168,247,216,203,184,142,84,182,237,181,26,217,239,207,203,97,211,33,218,7,39,83,60]
res[3,90,0,10,0,18,0]
req[2,91,0,10,27,46,108,113,46,70,97,115,116,84,101,115,116,46,105,110,112,117,116,79,112,101,114,97,116,105,111,110,18,12,8,1,26,2,55,112,40,0,48,1,56,0]
res[3,91,0,10,0,18,0]
res[1,10,19,46,108,113,46,65,99,116,105,111,110,80,114,111,116,111,116,121,112,101,18,37,8,84,18,17,65,99,116,105,111,110,68,105,115,99,97,114,100,84,105,108,101,26,14,149,124,99,104,81,164,78,156,117,202,153,158,223,147]
res[1,10,19,46,108,113,46,65,99,116,105,111,110,80,114,111,116,111,116,121,112,101,18,26,8,85,18,14,65,99,116,105,111,110,68,101,97,108,84,105,108,101,26,6,157,117,113,124,102,204]
req[2,92,0,10,30,46,108,113,46,70,97,115,116,84,101,115,116,46,99,104,101,99,107,78,101,116,119,111,114,107,68,101,108,97,121,18,0]
res[3,92,0,10,0,18,0]
res[1,10,19,46,108,113,46,65,99,116,105,111,110,80,114,111,116,111,116,121,112,101,18,37,8,86,18,17,65,99,116,105,111,110,68,105,115,99,97,114,100,84,105,108,101,26,14,149,125,99,104,82,185,78,156,117,202,153,158,223,147]
res[1,10,19,46,108,113,46,65,99,116,105,111,110,80,114,111,116,111,116,121,112,101,18,26,8,87,18,14,65,99,116,105,111,110,68,101,97,108,84,105,108,101,26,6,157,118,113,127,102,204]
res[1,10,19,46,108,113,46,65,99,116,105,111,110,80,114,111,116,111,116,121,112,101,18,37,8,88,18,17,65,99,116,105,111,110,68,105,115,99,97,114,100,84,105,108,101,26,14,149,126,99,104,87,174,78,156,117,203,153,158,223,147]
res[1,10,19,46,108,113,46,65,99,116,105,111,110,80,114,111,116,111,116,121,112,101,18,26,8,89,18,14,65,99,116,105,111,110,68,101,97,108,84,105,108,101,26,6,157,119,113,126,102,204]
req[2,93,0,10,30,46,108,113,46,70,97,115,116,84,101,115,116,46,99,104,101,99,107,78,101,116,119,111,114,107,68,101,108,97,121,18,0]
res[3,93,0,10,0,18,0]
res[1,10,19,46,108,113,46,65,99,116,105,111,110,80,114,111,116,111,116,121,112,101,18,37,8,90,18,17,65,99,116,105,111,110,68,105,115,99,97,114,100,84,105,108,101,26,14,149,127,99,104,85,174,78,156,117,203,153,158,223,147]
res[1,10,19,46,108,113,46,65,99,116,105,111,110,80,114,111,116,111,116,121,112,101,18,44,8,91,18,14,65,99,116,105,111,110,68,101,97,108,84,105,108,101,26,24,155,114,117,98,107,185,84,137,113,204,151,148,159,139,255,120,159,128,197,44,102,168,142,36]
req[2,94,0,10,30,46,108,113,46,70,97,115,116,84,101,115,116,46,99,104,101,99,107,78,101,116,119,111,114,107,68,101,108,97,121,18,0]
req[2,95,0,10,27,46,108,113,46,70,97,115,116,84,101,115,116,46,105,110,112,117,116,79,112,101,114,97,116,105,111,110,18,12,8,1,26,2,55,115,40,1,48,1,56,0]
res[3,94,0,10,0,18,0]
res[3,95,0,10,0,18,0]
res[1,10,19,46,108,113,46,65,99,116,105,111,110,80,114,111,116,111,116,121,112,101,18,37,8,92,18,17,65,99,116,105,111,110,68,105,115,99,97,114,100,84,105,108,101,26,14,149,124,99,104,81,167,78,156,117,203,153,158,223,147]
res[1,10,19,46,108,113,46,65,99,116,105,111,110,80,114,111,116,111,116,121,112,101,18,26,8,93,18,14,65,99,116,105,111,110,68,101,97,108,84,105,108,101,26,6,157,117,113,120,102,204]
res[1,10,19,46,108,113,46,65,99,116,105,111,110,80,114,111,116,111,116,121,112,101,18,37,8,94,18,17,65,99,116,105,111,110,68,105,115,99,97,114,100,84,105,108,101,26,14,149,125,99,104,84,164,78,156,117,202,153,158,223,147]
res[1,10,19,46,108,113,46,65,99,116,105,111,110,80,114,111,116,111,116,121,112,101,18,26,8,95,18,14,65,99,116,105,111,110,68,101,97,108,84,105,108,101,26,6,157,118,113,123,102,204]
req[2,96,0,10,30,46,108,113,46,70,97,115,116,84,101,115,116,46,99,104,101,99,107,78,101,116,119,111,114,107,68,101,108,97,121,18,0]
res[1,10,19,46,108,113,46,65,99,116,105,111,110,80,114,111,116,111,116,121,112,101,18,37,8,96,18,17,65,99,116,105,111,110,68,105,115,99,97,114,100,84,105,108,101,26,14,149,126,99,104,84,167,78,156,117,203,153,158,223,147]
res[3,96,0,10,0,18,0]
res[1,10,19,46,108,113,46,65,99,116,105,111,110,80,114,111,116,111,116,121,112,101,18,26,8,97,18,14,65,99,116,105,111,110,68,101,97,108,84,105,108,101,26,6,157,119,113,122,102,204]
res[1,10,19,46,108,113,46,65,99,116,105,111,110,80,114,111,116,111,116,121,112,101,18,37,8,98,18,17,65,99,116,105,111,110,68,105,115,99,97,114,100,84,105,108,101,26,14,149,127,99,104,94,167,78,156,117,202,153,158,223,147]
res[1,10,19,46,108,113,46,65,99,116,105,111,110,80,114,111,116,111,116,121,112,101,18,44,8,99,18,14,65,99,116,105,111,110,68,101,97,108,84,105,108,101,26,24,155,114,117,98,100,167,84,133,113,204,151,148,159,139,255,120,159,128,197,44,102,168,142,36]
req[2,97,0,10,30,46,108,113,46,70,97,115,116,84,101,115,116,46,99,104,101,99,107,78,101,116,119,111,114,107,68,101,108,97,121,18,0]
res[3,97,0,10,0,18,0]
req[2,98,0,10,27,46,108,113,46,70,97,115,116,84,101,115,116,46,105,110,112,117,116,79,112,101,114,97,116,105,111,110,18,12,8,1,26,2,56,109,40,1,48,2,56,0]
res[3,98,0,10,0,18,0]
res[1,10,19,46,108,113,46,65,99,116,105,111,110,80,114,111,116,111,116,121,112,101,18,37,8,100,18,17,65,99,116,105,111,110,68,105,115,99,97,114,100,84,105,108,101,26,14,149,124,99,104,94,185,78,156,117,203,153,158,223,147]
req[2,99,0,10,30,46,108,113,46,70,97,115,116,84,101,115,116,46,99,104,101,99,107,78,101,116,119,111,114,107,68,101,108,97,121,18,0]
res[3,99,0,10,0,18,0]
res[1,10,19,46,108,113,46,65,99,116,105,111,110,80,114,111,116,111,116,121,112,101,18,26,8,101,18,14,65,99,116,105,111,110,68,101,97,108,84,105,108,101,26,6,157,117,113,116,102,204]
res[1,10,19,46,108,113,46,65,99,116,105,111,110,80,114,111,116,111,116,121,112,101,18,37,8,102,18,17,65,99,116,105,111,110,68,105,115,99,97,114,100,84,105,108,101,26,14,149,125,99,104,85,167,78,156,117,203,153,158,223,147]
res[1,10,19,46,108,113,46,65,99,116,105,111,110,80,114,111,116,111,116,121,112,101,18,26,8,103,18,14,65,99,116,105,111,110,68,101,97,108,84,105,108,101,26,6,157,118,113,119,102,204]
res[1,10,19,46,108,113,46,65,99,116,105,111,110,80,114,111,116,111,116,121,112,101,18,58,8,104,18,17,65,99,116,105,111,110,68,105,115,99,97,114,100,84,105,108,101,26,35,176,149,158,135,182,130,105,183,90,246,204,185,160,167,20,157,246,160,37,156,154,232,182,105,203,57,50,152,12,59,13,56,118,176,62]
req[2,100,0,10,30,46,108,113,46,70,97,115,116,84,101,115,116,46,99,104,101,99,107,78,101,116,119,111,114,107,68,101,108,97,121,18,0]
res[3,100,0,10,0,18,0]
req[2,101,0,10,29,46,108,113,46,70,97,115,116,84,101,115,116,46,105,110,112,117,116,67,104,105,80,101,110,103,71,97,110,103,18,6,8,3,16,0,48,1]
res[3,101,0,10,0,18,0]
res[1,10,19,46,108,113,46,65,99,116,105,111,110,80,114,111,116,111,116,121,112,101,18,128,1,8,105,18,17,65,99,116,105,111,110,67,104,105,80,101,110,103,71,97,110,103,26,105,10,225,198,206,209,59,140,108,216,45,57,110,230,250,81,133,12,236,92,59,50,27,53,155,21,73,26,129,105,79,84,101,173,98,136,97,86,50,152,187,127,175,115,191,116,215,175,167,176,182,14,150,224,149,96,255,229,197,217,103,202,39,248,13,28,41,10,70,119,190,20,191,118,67,60,1,67,177,34,115,62,157,116,95,9,112,207,72,150,119,199,139,176,161,143,195,125,131,135,185,248,143,188,186,40]
req[2,102,0,10,30,46,108,113,46,70,97,115,116,84,101,115,116,46,99,104,101,99,107,78,101,116,119,111,114,107,68,101,108,97,121,18,0]
res[3,102,0,10,0,18,0]
req[2,103,0,10,27,46,108,113,46,70,97,115,116,84,101,115,116,46,105,110,112,117,116,79,112,101,114,97,116,105,111,110,18,12,8,1,26,2,54,112,40,0,48,1,56,0]
res[3,103,0,10,0,18,0]
res[1,10,19,46,108,113,46,65,99,116,105,111,110,80,114,111,116,111,116,121,112,101,18,59,8,106,18,17,65,99,116,105,111,110,68,105,115,99,97,114,100,84,105,108,101,26,36,191,150,153,134,182,158,104,182,95,228,243,185,139,185,17,159,215,201,1,241,253,222,250,75,226,56,225,60,37,18,75,4,61,223,117,254]
req[2,104,0,10,30,46,108,113,46,70,97,115,116,84,101,115,116,46,99,104,101,99,107,78,101,116,119,111,114,107,68,101,108,97,121,18,0]
res[1,10,19,46,108,113,46,65,99,116,105,111,110,80,114,111,116,111,116,121,112,101,18,26,8,107,18,14,65,99,116,105,111,110,68,101,97,108,84,105,108,101,26,6,157,117,113,118,102,205]
res[3,104,0,10,0,18,0]
res[1,10,19,46,108,113,46,65,99,116,105,111,110,80,114,111,116,111,116,121,112,101,18,37,8,108,18,17,65,99,116,105,111,110,68,105,115,99,97,114,100,84,105,108,101,26,14,149,125,99,104,82,185,78,156,117,203,153,159,223,147]
res[1,10,19,46,108,113,46,65,99,116,105,111,110,80,114,111,116,111,116,121,112,101,18,26,8,109,18,14,65,99,116,105,111,110,68,101,97,108,84,105,108,101,26,6,157,118,113,113,102,205]
res[1,10,19,46,108,113,46,65,99,116,105,111,110,80,114,111,116,111,116,121,112,101,18,37,8,110,18,17,65,99,116,105,111,110,68,105,115,99,97,114,100,84,105,108,101,26,14,149,126,99,104,80,164,78,156,117,203,153,159,223,147]
req[2,105,0,10,30,46,108,113,46,70,97,115,116,84,101,115,116,46,99,104,101,99,107,78,101,116,119,111,114,107,68,101,108,97,121,18,0]
res[1,10,19,46,108,113,46,65,99,116,105,111,110,80,114,111,116,111,116,121,112,101,18,26,8,111,18,14,65,99,116,105,111,110,68,101,97,108,84,105,108,101,26,6,157,119,113,112,102,205]
res[3,105,0,10,0,18,0]
res[1,10,19,46,108,113,46,65,99,116,105,111,110,80,114,111,116,111,116,121,112,101,18,37,8,112,18,17,65,99,116,105,111,110,68,105,115,99,97,114,100,84,105,108,101,26,14,149,127,99,104,95,164,78,156,117,203,153,159,223,147]
res[1,10,19,46,108,113,46,65,99,116,105,111,110,80,114,111,116,111,116,121,112,101,18,157,1,8,113,18,14,65,99,116,105,111,110,68,101,97,108,84,105,108,101,26,136,1,43,2,229,242,223,55,196,51,193,92,39,36,15,27,143,8,111,16,85,188,246,88,126,181,116,96,55,168,186,19,103,114,251,119,163,104,227,219,187,165,184,14,176,213,191,44,211,218,233,205,123,190,75,236,115,12,15,252,206,5,250,48,235,74,55,48,24,74,133,22,69,30,171,105,119,112,100,194,124,138,11,187,223,164,199,179,229,115,142,11,245,196,163,166,164,30,172,137,181,19,233,230,255,218,97,213,33,211,7,30,83,13,64,104,226,42,245,110,126,45,41,52,187,37,75,45,177,102,93,103,90,208,18,153,17,216]
req[2,106,0,10,30,46,108,113,46,70,97,115,116,84,101,115,116,46,99,104,101,99,107,78,101,116,119,111,114,107,68,101,108,97,121,18,0]
res[3,106,0,10,0,18,0]
req[2,107,0,10,27,46,108,113,46,70,97,115,116,84,101,115,116,46,105,110,112,117,116,79,112,101,114,97,116,105,111,110,18,12,8,1,26,2,52,109,40,0,48,1,56,0]
res[3,107,0,10,0,18,0]
res[1,10,19,46,108,113,46,65,99,116,105,111,110,80,114,111,116,111,116,121,112,101,18,59,8,114,18,17,65,99,116,105,111,110,68,105,115,99,97,114,100,84,105,108,101,26,36,191,150,153,134,180,131,104,182,95,228,243,184,139,185,17,159,208,201,1,241,253,222,250,75,226,56,225,62,37,18,75,4,61,223,117,254]
res[1,10,19,46,108,113,46,65,99,116,105,111,110,80,114,111,116,111,116,121,112,101,18,26,8,115,18,14,65,99,116,105,111,110,68,101,97,108,84,105,108,101,26,6,157,117,113,114,102,204]
res[1,10,19,46,108,113,46,65,99,116,105,111,110,80,114,111,116,111,116,121,112,101,18,37,8,116,18,17,65,99,116,105,111,110,68,105,115,99,97,114,100,84,105,108,101,26,14,149,125,99,104,81,167,78,156,117,203,153,158,223,147]
req[2,108,0,10,30,46,108,113,46,70,97,115,116,84,101,115,116,46,99,104,101,99,107,78,101,116,119,111,114,107,68,101,108,97,121,18,0]
res[1,10,19,46,108,113,46,65,99,116,105,111,110,80,114,111,116,111,116,121,112,101,18,26,8,117,18,14,65,99,116,105,111,110,68,101,97,108,84,105,108,101,26,6,157,118,113,109,102,204]
res[3,108,0,10,0,18,0]
res[1,10,19,46,108,113,46,65,99,116,105,111,110,80,114,111,116,111,116,121,112,101,18,37,8,118,18,17,65,99,116,105,111,110,68,105,115,99,97,114,100,84,105,108,101,26,14,149,126,99,104,94,164,78,156,117,202,153,158,223,147]
res[1,10,19,46,108,113,46,65,99,116,105,111,110,80,114,111,116,111,116,121,112,101,18,26,8,119,18,14,65,99,116,105,111,110,68,101,97,108,84,105,108,101,26,6,157,119,113,108,102,204]
res[1,10,19,46,108,113,46,65,99,116,105,111,110,80,114,111,116,111,116,121,112,101,18,37,8,120,18,17,65,99,116,105,111,110,68,105,115,99,97,114,100,84,105,108,101,26,14,149,127,99,104,87,185,78,156,117,203,153,158,223,147]
req[2,109,0,10,30,46,108,113,46,70,97,115,116,84,101,115,116,46,99,104,101,99,107,78,101,116,119,111,114,107,68,101,108,97,121,18,0]
res[3,109,0,10,0,18,0]
req[2,110,0,10,30,46,108,113,46,70,97,115,116,84,101,115,116,46,99,104,101,99,107,78,101,116,119,111,114,107,68,101,108,97,121,18,0]
res[3,110,0,10,0,18,0]
res[1,10,19,46,108,113,46,65,99,116,105,111,110,80,114,111,116,111,116,121,112,101,18,104,8,121,18,14,65,99,116,105,111,110,68,101,97,108,84,105,108,101,26,84,207,166,137,150,168,142,152,203,165,248,219,200,211,191,35,172,211,180,9,224,82,252,210,88,152,60,235,76,30,79,11,22,159,19,71,12,67,42,95,73,92,178,20,121,19,128,183,124,77,113,159,98,239,64,151,168,163,160,166,124,158,212,143,22,235,212,252,166,41,186,25,194,15,13,43,212,200,102,208,46,175,95,115,24]
req[2,111,0,10,30,46,108,113,46,70,97,115,116,84,101,115,116,46,99,104,101,99,107,78,101,116,119,111,114,107,68,101,108,97,121,18,0]
res[3,111,0,10,0,18,0]
req[2,112,0,10,27,46,108,113,46,70,97,115,116,84,101,115,116,46,105,110,112,117,116,79,112,101,114,97,116,105,111,110,18,12,8,1,26,2,56,112,40,1,48,1,56,0]
res[3,112,0,10,0,18,0]
res[1,10,19,46,108,113,46,65,99,116,105,111,110,80,114,111,116,111,116,121,112,101,18,59,8,122,18,17,65,99,116,105,111,110,68,105,115,99,97,114,100,84,105,108,101,26,36,191,150,153,134,184,158,104,182,95,229,243,184,139,185,17,159,208,201,1,241,253,222,250,75,226,56,225,62,37,18,75,4,61,223,117,254]
res[1,10,19,46,108,113,46,65,99,116,105,111,110,80,114,111,116,111,116,121,112,101,18,26,8,123,18,14,65,99,116,105,111,110,68,101,97,108,84,105,108,101,26,6,157,117,113,110,102,204]
res[1,10,19,46,108,113,46,65,99,116,105,111,110,80,114,111,116,111,116,121,112,101,18,37,8,124,18,17,65,99,116,105,111,110,68,105,115,99,97,114,100,84,105,108,101,26,14,149,125,99,104,84,185,78,156,117,203,153,158,223,147]
res[1,10,19,46,108,113,46,65,99,116,105,111,110,80,114,111,116,111,116,121,112,101,18,26,8,125,18,14,65,99,116,105,111,110,68,101,97,108,84,105,108,101,26,6,157,118,113,105,102,204]
req[2,113,0,10,30,46,108,113,46,70,97,115,116,84,101,115,116,46,99,104,101,99,107,78,101,116,119,111,114,107,68,101,108,97,121,18,0]
res[3,113,0,10,0,18,0]
res[1,10,19,46,108,113,46,65,99,116,105,111,110,80,114,111,116,111,116,121,112,101,18,37,8,126,18,17,65,99,116,105,111,110,68,105,115,99,97,114,100,84,105,108,101,26,14,149,126,99,104,85,174,78,156,117,203,153,158,223,147]
res[1,10,19,46,108,113,46,65,99,116,105,111,110,80,114,111,116,111,116,121,112,101,18,26,8,127,18,14,65,99,116,105,111,110,68,101,97,108,84,105,108,101,26,6,157,119,113,104,102,204]
req[2,114,0,10,30,46,108,113,46,70,97,115,116,84,101,115,116,46,99,104,101,99,107,78,101,116,119,111,114,107,68,101,108,97,121,18,0]
res[1,10,19,46,108,113,46,65,99,116,105,111,110,80,114,111,116,111,116,121,112,101,18,38,8,128,1,18,17,65,99,116,105,111,110,68,105,115,99,97,114,100,84,105,108,101,26,14,149,127,99,104,84,174,78,156,117,203,153,158,223,147]
res[1,10,19,46,108,113,46,65,99,116,105,111,110,80,114,111,116,111,116,121,112,101,18,105,8,129,1,18,14,65,99,116,105,111,110,68,101,97,108,84,105,108,101,26,84,207,166,137,150,161,141,152,207,165,248,219,200,211,191,35,172,211,180,9,224,82,252,210,88,152,60,235,76,30,79,11,23,159,19,71,12,74,41,95,73,92,178,20,121,19,128,183,124,77,113,159,98,239,64,151,168,163,160,175,127,158,212,143,22,235,212,252,166,41,186,25,194,15,13,43,212,200,102,208,46,175,95,115,24]
res[3,114,0,10,0,18,0]
req[2,115,0,10,30,46,108,113,46,70,97,115,116,84,101,115,116,46,99,104,101,99,107,78,101,116,119,111,114,107,68,101,108,97,121,18,0]
res[3,115,0,10,0,18,0]
req[2,116,0,10,27,46,108,113,46,70,97,115,116,84,101,115,116,46,105,110,112,117,116,79,112,101,114,97,116,105,111,110,18,12,8,1,26,2,49,115,40,1,48,1,56,0]
res[3,116,0,10,0,18,0]
res[1,10,19,46,108,113,46,65,99,116,105,111,110,80,114,111,116,111,116,121,112,101,18,60,8,130,1,18,17,65,99,116,105,111,110,68,105,115,99,97,114,100,84,105,108,101,26,36,191,150,153,134,177,157,104,182,95,229,243,184,139,185,17,159,208,201,1,241,253,222,250,75,226,56,225,62,37,18,75,4,61,223,117,254]
res[1,10,19,46,108,113,46,65,99,116,105,111,110,80,114,111,116,111,116,121,112,101,18,27,8,131,1,18,14,65,99,116,105,111,110,68,101,97,108,84,105,108,101,26,6,157,117,113,106,102,204]
res[1,10,19,46,108,113,46,65,99,116,105,111,110,80,114,111,116,111,116,121,112,101,18,38,8,132,1,18,17,65,99,116,105,111,110,68,105,115,99,97,114,100,84,105,108,101,26,14,149,125,99,104,95,185,78,156,117,203,153,158,223,147]
res[1,10,19,46,108,113,46,65,99,116,105,111,110,80,114,111,116,111,116,121,112,101,18,27,8,133,1,18,14,65,99,116,105,111,110,68,101,97,108,84,105,108,101,26,6,157,118,113,101,102,204]
res[1,10,19,46,108,113,46,65,99,116,105,111,110,80,114,111,116,111,116,121,112,101,18,38,8,134,1,18,17,65,99,116,105,111,110,68,105,115,99,97,114,100,84,105,108,101,26,14,149,126,99,104,84,164,78,156,117,202,153,158,223,147]
res[1,10,19,46,108,113,46,65,99,116,105,111,110,80,114,111,116,111,116,121,112,101,18,27,8,135,1,18,14,65,99,116,105,111,110,68,101,97,108,84,105,108,101,26,6,157,119,113,100,102,204]
res[1,10,19,46,108,113,46,65,99,116,105,111,110,80,114,111,116,111,116,121,112,101,18,38,8,136,1,18,17,65,99,116,105,111,110,68,105,115,99,97,114,100,84,105,108,101,26,14,149,127,99,104,84,164,78,156,117,203,153,158,223,147]
res[1,10,19,46,108,113,46,65,99,116,105,111,110,80,114,111,116,111,116,121,112,101,18,105,8,137,1,18,14,65,99,116,105,111,110,68,101,97,108,84,105,108,101,26,84,207,166,137,150,166,141,152,195,165,248,219,200,211,191,35,172,211,180,9,224,82,252,210,88,152,60,235,76,30,79,11,23,159,19,71,12,77,41,95,73,92,178,20,121,19,128,183,124,77,113,159,98,239,64,151,168,163,160,168,127,158,212,143,22,235,212,252,166,41,186,25,194,15,13,43,212,200,102,208,46,175,95,115,24]
req[2,117,0,10,30,46,108,113,46,70,97,115,116,84,101,115,116,46,99,104,101,99,107,78,101,116,119,111,114,107,68,101,108,97,121,18,0]
res[3,117,0,10,0,18,0]
req[2,118,0,10,27,46,108,113,46,70,97,115,116,84,101,115,116,46,105,110,112,117,116,79,112,101,114,97,116,105,111,110,18,12,8,1,26,2,54,115,40,1,48,1,56,0]
res[3,118,0,10,0,18,0]
res[1,10,19,46,108,113,46,65,99,116,105,111,110,80,114,111,116,111,116,121,112,101,18,60,8,138,1,18,17,65,99,116,105,111,110,68,105,115,99,97,114,100,84,105,108,101,26,36,191,150,153,134,182,157,104,182,95,229,243,184,139,185,17,159,208,201,1,241,253,222,250,75,226,56,225,62,37,18,75,4,61,223,117,254]
res[1,10,19,46,108,113,46,65,99,116,105,111,110,80,114,111,116,111,116,121,112,101,18,175,1,8,139,1,18,10,65,99,116,105,111,110,72,117,108,101,26,157,1,4,128,232,217,226,40,205,15,248,86,16,13,63,105,120,246,9,139,98,69,8,69,59,157,20,23,34,151,66,26,104,92,250,61,158,87,246,219,156,141,191,131,105,207,233,138,180,170,148,141,92,132,219,213,48,206,138,192,255,81,227,104,252,72,0,29,38,18,184,2,10,11,69,56,26,67,103,172,77,113,38,162,154,112,24,114,162,180,165,227,209,91,167,21,152,171,139,95,145,253,68,208,34,193,148,183,20,186,130,8,254,229,255,201,32,40,66,148,55,131,231,33,38,211,87,13,138,251,160,174,178,68,194,124,187,78,145,109,121,122,232,64,188,177,101,188,34,96,166,189,84,220,54,200,235,151,216]
req[2,119,0,10,30,46,108,113,46,70,97,115,116,84,101,115,116,46,99,104,101,99,107,78,101,116,119,111,114,107,68,101,108,97,121,18,0]
res[3,119,0,10,0,18,0]
req[2,120,0,10,30,46,108,113,46,70,97,115,116,84,101,115,116,46,99,104,101,99,107,78,101,116,119,111,114,107,68,101,108,97,121,18,0]
res[3,120,0,10,0,18,0]
req[2,121,0,10,30,46,108,113,46,70,97,115,116,84,101,115,116,46,99,104,101,99,107,78,101,116,119,111,114,107,68,101,108,97,121,18,0]
res[3,121,0,10,0,18,0]
req[2,122,0,10,30,46,108,113,46,70,97,115,116,84,101,115,116,46,99,104,101,99,107,78,101,116,119,111,114,107,68,101,108,97,121,18,0]
res[3,122,0,10,0,18,0]
req[2,123,0,10,30,46,108,113,46,70,97,115,116,84,101,115,116,46,99,104,101,99,107,78,101,116,119,111,114,107,68,101,108,97,121,18,0]
res[3,123,0,10,0,18,0]
req[2,124,0,10,30,46,108,113,46,70,97,115,116,84,101,115,116,46,99,104,101,99,107,78,101,116,119,111,114,107,68,101,108,97,121,18,0]
res[3,124,0,10,0,18,0]
req[2,125,0,10,30,46,108,113,46,70,97,115,116,84,101,115,116,46,99,104,101,99,107,78,101,116,119,111,114,107,68,101,108,97,121,18,0]
req[2,126,0,10,28,46,108,113,46,70,97,115,116,84,101,115,116,46,99,111,110,102,105,114,109,78,101,119,82,111,117,110,100,18,0]
res[3,125,0,10,0,18,0]
res[3,126,0,10,0,18,0]
res[1,10,19,46,108,113,46,65,99,116,105,111,110,80,114,111,116,111,116,121,112,101,18,186,1,8,0,18,14,65,99,116,105,111,110,78,101,119,82,111,117,110,100,26,165,1,62,21,26,2,231,109,205,55,193,16,96,53,2,92,184,30,87,89,178,109,83,46,123,197,120,252,114,191,165,252,168,132,197,6,158,127,217,186,156,181,135,76,129,235,154,100,212,233,215,141,108,210,32,186,102,33,32,124,63,119,61,248,5,225,155,68,150,249,169,130,179,48,222,125,42,107,15,144,37,159,108,177,208,157,144,148,120,134,194,138,130,213,196,199,187,45,185,244,34,36,68,205,193,218,108,191,23,131,102,6,19,39,35,239,58,48,118,71,106,49,121,45,128,14,27,12,206,238,178,79,19,130,85,146,92,191,219,154,194,151,117,240,234,255,48,210,188,230,173,91,141,99,162,2,113,97,99,159,90,222,81,150,87,8,13]
req[2,127,0,10,33,46,108,113,46,70,97,115,116,84,101,115,116,46,102,101,116,99,104,71,97,109,101,80,108,97,121,101,114,83,116,97,116,101,18,0]
res[3,127,0,10,0,18,6,18,4,3,3,3,3]
req[2,128,0,10,30,46,108,113,46,70,97,115,116,84,101,115,116,46,99,104,101,99,107,78,101,116,119,111,114,107,68,101,108,97,121,18,0]
res[1,10,19,46,108,113,46,65,99,116,105,111,110,80,114,111,116,111,116,121,112,101,18,37,8,1,18,17,65,99,116,105,111,110,68,105,115,99,97,114,100,84,105,108,101,26,14,149,125,99,104,85,174,78,156,117,202,153,158,223,147]
res[3,128,0,10,0,18,0]
res[1,10,19,46,108,113,46,65,99,116,105,111,110,80,114,111,116,111,116,121,112,101,18,26,8,2,18,14,65,99,116,105,111,110,68,101,97,108,84,105,108,101,26,6,157,118,113,38,102,204]
res[1,10,19,46,108,113,46,65,99,116,105,111,110,80,114,111,116,111,116,121,112,101,18,37,8,3,18,17,65,99,116,105,111,110,68,105,115,99,97,114,100,84,105,108,101,26,14,149,126,99,104,85,174,78,156,117,202,153,158,223,147]
res[1,10,19,46,108,113,46,65,99,116,105,111,110,80,114,111,116,111,116,121,112,101,18,26,8,4,18,14,65,99,116,105,111,110,68,101,97,108,84,105,108,101,26,6,157,119,113,33,102,204]
res[1,10,19,46,108,113,46,65,99,116,105,111,110,80,114,111,116,111,116,121,112,101,18,58,8,5,18,17,65,99,116,105,111,110,68,105,115,99,97,114,100,84,105,108,101,26,35,176,148,158,135,179,156,105,183,90,246,204,185,160,167,20,156,246,160,35,130,154,236,168,105,203,57,50,152,12,59,13,56,118,176,62]
req[2,129,0,10,30,46,108,113,46,70,97,115,116,84,101,115,116,46,99,104,101,99,107,78,101,116,119,111,114,107,68,101,108,97,121,18,0]
res[3,129,0,10,0,18,0]
req[2,130,0,10,30,46,108,113,46,70,97,115,116,84,101,115,116,46,99,104,101,99,107,78,101,116,119,111,114,107,68,101,108,97,121,18,0]
res[3,130,0,10,0,18,0]
req[2,131,0,10,29,46,108,113,46,70,97,115,116,84,101,115,116,46,105,110,112,117,116,67,104,105,80,101,110,103,71,97,110,103,18,6,8,2,16,0,48,1]
res[3,131,0,10,0,18,0]
res[1,10,19,46,108,113,46,65,99,116,105,111,110,80,114,111,116,111,116,121,112,101,18,68,8,6,18,17,65,99,116,105,111,110,67,104,105,80,101,110,103,71,97,110,103,26,45,182,157,130,139,157,247,70,206,100,233,249,204,162,182,16,215,200,168,24,247,239,215,241,71,209,5,222,77,37,11,16,60,15,222,68,45,146,246,84,7,59,227,41,113,50]
req[2,132,0,10,30,46,108,113,46,70,97,115,116,84,101,115,116,46,99,104,101,99,107,78,101,116,119,111,114,107,68,101,108,97,121,18,0]
res[3,132,0,10,0,18,0]
req[2,133,0,10,27,46,108,113,46,70,97,115,116,84,101,115,116,46,105,110,112,117,116,79,112,101,114,97,116,105,111,110,18,12,8,1,26,2,49,112,40,0,48,2,56,0]
res[3,133,0,10,0,18,0]
res[1,10,19,46,108,113,46,65,99,116,105,111,110,80,114,111,116,111,116,121,112,101,18,37,8,7,18,17,65,99,116,105,111,110,68,105,115,99,97,114,100,84,105,108,101,26,14,149,124,99,104,87,164,78,156,117,202,153,158,223,147]
req[2,134,0,10,30,46,108,113,46,70,97,115,116,84,101,115,116,46,99,104,101,99,107,78,101,116,119,111,114,107,68,101,108,97,121,18,0]
res[3,134,0,10,0,18,0]
res[1,10,19,46,108,113,46,65,99,116,105,111,110,80,114,111,116,111,116,121,112,101,18,26,8,8,18,14,65,99,116,105,111,110,68,101,97,108,84,105,108,101,26,6,157,117,113,32,102,204]
res[1,10,19,46,108,113,46,65,99,116,105,111,110,80,114,111,116,111,116,121,112,101,18,37,8,9,18,17,65,99,116,105,111,110,68,105,115,99,97,114,100,84,105,108,101,26,14,149,125,99,104,87,167,78,156,117,202,153,158,223,147]
res[1,10,19,46,108,113,46,65,99,116,105,111,110,80,114,111,116,111,116,121,112,101,18,26,8,10,18,14,65,99,116,105,111,110,68,101,97,108,84,105,108,101,26,6,157,118,113,35,102,204]
res[1,10,19,46,108,113,46,65,99,116,105,111,110,80,114,111,116,111,116,121,112,101,18,37,8,11,18,17,65,99,116,105,111,110,68,105,115,99,97,114,100,84,105,108,101,26,14,149,126,99,104,94,167,78,156,117,203,153,158,223,147]
req[2,135,0,10,30,46,108,113,46,70,97,115,116,84,101,115,116,46,99,104,101,99,107,78,101,116,119,111,114,107,68,101,108,97,121,18,0]
res[3,135,0,10,0,18,0]
res[1,10,19,46,108,113,46,65,99,116,105,111,110,80,114,111,116,111,116,121,112,101,18,26,8,12,18,14,65,99,116,105,111,110,68,101,97,108,84,105,108,101,26,6,157,119,113,34,102,204]
res[1,10,19,46,108,113,46,65,99,116,105,111,110,80,114,111,116,111,116,121,112,101,18,65,8,13,18,17,65,99,116,105,111,110,68,105,115,99,97,114,100,84,105,108,101,26,42,201,163,135,140,186,149,98,192,163,244,197,194,169,167,45,165,255,171,40,151,147,220,137,64,209,46,182,52,17,113,53,17,87,225,224,26,93,85,121,66,118,172]
req[2,136,0,10,30,46,108,113,46,70,97,115,116,84,101,115,116,46,99,104,101,99,107,78,101,116,119,111,114,107,68,101,108,97,121,18,0]
res[3,136,0,10,0,18,0]
req[2,137,0,10,30,46,108,113,46,70,97,115,116,84,101,115,116,46,99,104,101,99,107,78,101,116,119,111,114,107,68,101,108,97,121,18,0]
res[3,137,0,10,0,18,0]
req[2,138,0,10,29,46,108,113,46,70,97,115,116,84,101,115,116,46,105,110,112,117,116,67,104,105,80,101,110,103,71,97,110,103,18,4,8,2,16,0]
res[3,138,0,10,0,18,0]
res[1,10,19,46,108,113,46,65,99,116,105,111,110,80,114,111,116,111,116,121,112,101,18,72,8,14,18,17,65,99,116,105,111,110,67,104,105,80,101,110,103,71,97,110,103,26,49,162,137,110,119,105,227,80,196,112,213,130,198,190,162,62,253,244,148,4,227,219,227,217,51,189,17,206,57,17,23,252,200,5,248,50,196,51,29,50,3,199,50,5,101,30,193,104,95,88]
req[2,139,0,10,27,46,108,113,46,70,97,115,116,84,101,115,116,46,105,110,112,117,116,79,112,101,114,97,116,105,111,110,18,12,8,1,26,2,48,115,40,0,48,0,56,0]
res[3,139,0,10,0,18,0]
req[2,140,0,10,30,46,108,113,46,70,97,115,116,84,101,115,116,46,99,104,101,99,107,78,101,116,119,111,114,107,68,101,108,97,121,18,0]
res[1,10,19,46,108,113,46,65,99,116,105,111,110,80,114,111,116,111,116,121,112,101,18,37,8,15,18,17,65,99,116,105,111,110,68,105,115,99,97,114,100,84,105,108,101,26,14,149,124,99,104,86,167,78,156,117,202,153,158,223,147]
res[3,140,0,10,0,18,0]
res[1,10,19,46,108,113,46,65,99,116,105,111,110,80,114,111,116,111,116,121,112,101,18,26,8,16,18,14,65,99,116,105,111,110,68,101,97,108,84,105,108,101,26,6,157,117,113,93,102,204]
res[1,10,19,46,108,113,46,65,99,116,105,111,110,80,114,111,116,111,116,121,112,101,18,37,8,17,18,17,65,99,116,105,111,110,68,105,115,99,97,114,100,84,105,108,101,26,14,149,125,99,104,95,167,78,156,117,203,153,158,223,147]
res[1,10,19,46,108,113,46,65,99,116,105,111,110,80,114,111,116,111,116,121,112,101,18,26,8,18,18,14,65,99,116,105,111,110,68,101,97,108,84,105,108,101,26,6,157,118,113,92,102,204]
res[1,10,19,46,108,113,46,65,99,116,105,111,110,80,114,111,116,111,116,121,112,101,18,37,8,19,18,17,65,99,116,105,111,110,68,105,115,99,97,114,100,84,105,108,101,26,14,149,126,99,104,84,185,78,156,117,203,153,158,223,147]
req[2,141,0,10,30,46,108,113,46,70,97,115,116,84,101,115,116,46,99,104,101,99,107,78,101,116,119,111,114,107,68,101,108,97,121,18,0]
res[3,141,0,10,0,18,0]
res[1,10,19,46,108,113,46,65,99,116,105,111,110,80,114,111,116,111,116,121,112,101,18,26,8,20,18,14,65,99,116,105,111,110,68,101,97,108,84,105,108,101,26,6,157,119,113,95,102,204]
res[1,10,19,46,108,113,46,65,99,116,105,111,110,80,114,111,116,111,116,121,112,101,18,37,8,21,18,17,65,99,116,105,111,110,68,105,115,99,97,114,100,84,105,108,101,26,14,149,127,99,104,82,164,78,156,117,203,153,158,223,147]
res[1,10,19,46,108,113,46,65,99,116,105,111,110,80,114,111,116,111,116,121,112,101,18,44,8,22,18,14,65,99,116,105,111,110,68,101,97,108,84,105,108,101,26,24,155,114,117,98,101,167,84,174,113,204,151,148,159,139,255,120,159,128,197,44,102,168,142,36]
req[2,142,0,10,30,46,108,113,46,70,97,115,116,84,101,115,116,46,99,104,101,99,107,78,101,116,119,111,114,107,68,101,108,97,121,18,0]
res[3,142,0,10,0,18,0]
req[2,143,0,10,27,46,108,113,46,70,97,115,116,84,101,115,116,46,105,110,112,117,116,79,112,101,114,97,116,105,111,110,18,12,8,1,26,2,50,112,40,0,48,0,56,0]
res[3,143,0,10,0,18,0]
res[1,10,19,46,108,113,46,65,99,116,105,111,110,80,114,111,116,111,116,121,112,101,18,37,8,23,18,17,65,99,116,105,111,110,68,105,115,99,97,114,100,84,105,108,101,26,14,149,124,99,104,84,164,78,156,117,202,153,158,223,147]
res[1,10,19,46,108,113,46,65,99,116,105,111,110,80,114,111,116,111,116,121,112,101,18,26,8,24,18,14,65,99,116,105,111,110,68,101,97,108,84,105,108,101,26,6,157,117,113,89,102,204]
res[1,10,19,46,108,113,46,65,99,116,105,111,110,80,114,111,116,111,116,121,112,101,18,37,8,25,18,17,65,99,116,105,111,110,68,105,115,99,97,114,100,84,105,108,101,26,14,149,125,99,104,83,174,78,156,117,202,153,158,223,147]
res[1,10,19,46,108,113,46,65,99,116,105,111,110,80,114,111,116,111,116,121,112,101,18,26,8,26,18,14,65,99,116,105,111,110,68,101,97,108,84,105,108,101,26,6,157,118,113,88,102,204]
req[2,144,0,10,30,46,108,113,46,70,97,115,116,84,101,115,116,46,99,104,101,99,107,78,101,116,119,111,114,107,68,101,108,97,121,18,0]
res[3,144,0,10,0,18,0]
res[1,10,19,46,108,113,46,65,99,116,105,111,110,80,114,111,116,111,116,121,112,101,18,37,8,27,18,17,65,99,116,105,111,110,68,105,115,99,97,114,100,84,105,108,101,26,14,149,126,99,104,87,167,78,156,117,203,153,158,223,147]
res[1,10,19,46,108,113,46,65,99,116,105,111,110,80,114,111,116,111,116,121,112,101,18,26,8,28,18,14,65,99,116,105,111,110,68,101,97,108,84,105,108,101,26,6,157,119,113,91,102,204]
res[1,10,19,46,108,113,46,65,99,116,105,111,110,80,114,111,116,111,116,121,112,101,18,37,8,29,18,17,65,99,116,105,111,110,68,105,115,99,97,114,100,84,105,108,101,26,14,149,127,99,104,84,164,78,156,117,203,153,158,223,147]
res[1,10,19,46,108,113,46,65,99,116,105,111,110,80,114,111,116,111,116,121,112,101,18,44,8,30,18,14,65,99,116,105,111,110,68,101,97,108,84,105,108,101,26,24,155,114,117,98,110,167,84,170,113,204,151,148,159,139,255,120,159,128,197,44,102,168,142,36]
req[2,145,0,10,30,46,108,113,46,70,97,115,116,84,101,115,116,46,99,104,101,99,107,78,101,116,119,111,114,107,68,101,108,97,121,18,0]
res[3,145,0,10,0,18,0]
req[2,146,0,10,27,46,108,113,46,70,97,115,116,84,101,115,116,46,105,110,112,117,116,79,112,101,114,97,116,105,111,110,18,12,8,1,26,2,53,122,40,0,48,0,56,0]
res[3,146,0,10,0,18,0]
res[1,10,19,46,108,113,46,65,99,116,105,111,110,80,114,111,116,111,116,121,112,101,18,37,8,31,18,17,65,99,116,105,111,110,68,105,115,99,97,114,100,84,105,108,101,26,14,149,124,99,104,83,174,78,156,117,202,153,158,223,147]
res[1,10,19,46,108,113,46,65,99,116,105,111,110,80,114,111,116,111,116,121,112,101,18,26,8,32,18,14,65,99,116,105,111,110,68,101,97,108,84,105,108,101,26,6,157,117,113,85,102,204]
res[1,10,19,46,108,113,46,65,99,116,105,111,110,80,114,111,116,111,116,121,112,101,18,37,8,33,18,17,65,99,116,105,111,110,68,105,115,99,97,114,100,84,105,108,101,26,14,149,125,99,104,84,164,78,156,117,202,153,158,223,147]
req[2,147,0,10,30,46,108,113,46,70,97,115,116,84,101,115,116,46,99,104,101,99,107,78,101,116,119,111,114,107,68,101,108,97,121,18,0]
res[3,147,0,10,0,18,0]
res[1,10,19,46,108,113,46,65,99,116,105,111,110,80,114,111,116,111,116,121,112,101,18,26,8,34,18,14,65,99,116,105,111,110,68,101,97,108,84,105,108,101,26,6,157,118,113,84,102,204]
res[1,10,19,46,108,113,46,65,99,116,105,111,110,80,114,111,116,111,116,121,112,101,18,37,8,35,18,17,65,99,116,105,111,110,68,105,115,99,97,114,100,84,105,108,101,26,14,149,126,99,104,87,174,78,156,117,202,153,158,223,147]
res[1,10,19,46,108,113,46,65,99,116,105,111,110,80,114,111,116,111,116,121,112,101,18,26,8,36,18,14,65,99,116,105,111,110,68,101,97,108,84,105,108,101,26,6,157,119,113,87,102,204]
res[1,10,19,46,108,113,46,65,99,116,105,111,110,80,114,111,116,111,116,121,112,101,18,37,8,37,18,17,65,99,116,105,111,110,68,105,115,99,97,114,100,84,105,108,101,26,14,149,127,99,104,95,167,78,156,117,202,153,158,223,147]
req[2,148,0,10,30,46,108,113,46,70,97,115,116,84,101,115,116,46,99,104,101,99,107,78,101,116,119,111,114,107,68,101,108,97,121,18,0]
res[3,148,0,10,0,18,0]
res[1,10,19,46,108,113,46,65,99,116,105,111,110,80,114,111,116,111,116,121,112,101,18,74,8,38,18,14,65,99,116,105,111,110,68,101,97,108,84,105,108,101,26,54,173,132,107,112,87,177,70,144,71,222,185,166,141,153,1,138,241,146,215,62,116,222,240,54,250,226,181,46,57,109,233,245,121,241,33,238,110,85,61,38,58,144,50,88,49,152,85,91,107,79,253,63,205,110]
req[2,149,0,10,27,46,108,113,46,70,97,115,116,84,101,115,116,46,105,110,112,117,116,79,112,101,114,97,116,105,111,110,18,12,8,1,26,2,56,109,40,0,48,1,56,0]
res[3,149,0,10,0,18,0]
res[1,10,19,46,108,113,46,65,99,116,105,111,110,80,114,111,116,111,116,121,112,101,18,37,8,39,18,17,65,99,116,105,111,110,68,105,115,99,97,114,100,84,105,108,101,26,14,149,124,99,104,94,185,78,156,117,202,153,158,223,147]
req[2,150,0,10,30,46,108,113,46,70,97,115,116,84,101,115,116,46,99,104,101,99,107,78,101,116,119,111,114,107,68,101,108,97,121,18,0]
res[3,150,0,10,0,18,0]
res[1,10,19,46,108,113,46,65,99,116,105,111,110,80,114,111,116,111,116,121,112,101,18,26,8,40,18,14,65,99,116,105,111,110,68,101,97,108,84,105,108,101,26,6,157,117,113,81,102,204]
res[1,10,19,46,108,113,46,65,99,116,105,111,110,80,114,111,116,111,116,121,112,101,18,37,8,41,18,17,65,99,116,105,111,110,68,105,115,99,97,114,100,84,105,108,101,26,14,149,125,99,104,81,185,78,156,117,203,153,158,223,147]
req[2,151,0,10,30,46,108,113,46,70,97,115,116,84,101,115,116,46,99,104,101,99,107,78,101,116,119,111,114,107,68,101,108,97,121,18,0]
res[3,151,0,10,0,18,0]
req[2,152,0,10,30,46,108,113,46,70,97,115,116,84,101,115,116,46,99,104,101,99,107,78,101,116,119,111,114,107,68,101,108,97,121,18,0]
res[3,152,0,10,0,18,0]
res[1,10,19,46,108,113,46,65,99,116,105,111,110,80,114,111,116,111,116,121,112,101,18,26,8,42,18,14,65,99,116,105,111,110,68,101,97,108,84,105,108,101,26,6,157,118,113,80,102,204]
res[1,10,19,46,108,113,46,65,99,116,105,111,110,80,114,111,116,111,116,121,112,101,18,37,8,43,18,17,65,99,116,105,111,110,68,105,115,99,97,114,100,84,105,108,101,26,14,149,126,99,104,82,164,78,156,117,203,153,158,223,147]
res[1,10,19,46,108,113,46,65,99,116,105,111,110,80,114,111,116,111,116,121,112,101,18,26,8,44,18,14,65,99,116,105,111,110,68,101,97,108,84,105,108,101,26,6,157,119,113,83,102,204]
res[1,10,19,46,108,113,46,65,99,116,105,111,110,80,114,111,116,111,116,121,112,101,18,37,8,45,18,17,65,99,116,105,111,110,68,105,115,99,97,114,100,84,105,108,101,26,14,149,127,99,104,80,185,78,156,117,203,153,158,223,147]
req[2,153,0,10,30,46,108,113,46,70,97,115,116,84,101,115,116,46,99,104,101,99,107,78,101,116,119,111,114,107,68,101,108,97,121,18,0]
res[1,10,19,46,108,113,46,65,99,116,105,111,110,80,114,111,116,111,116,121,112,101,18,44,8,46,18,14,65,99,116,105,111,110,68,101,97,108,84,105,108,101,26,24,155,114,117,98,106,176,84,162,113,204,151,148,159,139,255,120,159,128,197,44,102,168,142,36]
res[3,153,0,10,0,18,0]
req[2,154,0,10,27,46,108,113,46,70,97,115,116,84,101,115,116,46,105,110,112,117,116,79,112,101,114,97,116,105,111,110,18,12,8,1,26,2,54,122,40,1,48,1,56,0]
res[3,154,0,10,0,18,0]
res[1,10,19,46,108,113,46,65,99,116,105,111,110,80,114,111,116,111,116,121,112,101,18,37,8,47,18,17,65,99,116,105,111,110,68,105,115,99,97,114,100,84,105,108,101,26,14,149,124,99,104,80,174,78,156,117,203,153,158,223,147]
res[1,10,19,46,108,113,46,65,99,116,105,111,110,80,114,111,116,111,116,121,112,101,18,26,8,48,18,14,65,99,116,105,111,110,68,101,97,108,84,105,108,101,26,6,157,117,113,77,102,204]
req[2,155,0,10,30,46,108,113,46,70,97,115,116,84,101,115,116,46,99,104,101,99,107,78,101,116,119,111,114,107,68,101,108,97,121,18,0]
res[3,155,0,10,0,18,0]
res[1,10,19,46,108,113,46,65,99,116,105,111,110,80,114,111,116,111,116,121,112,101,18,37,8,49,18,17,65,99,116,105,111,110,68,105,115,99,97,114,100,84,105,108,101,26,14,149,125,99,104,83,164,78,156,117,203,153,158,223,147]
res[1,10,19,46,108,113,46,65,99,116,105,111,110,80,114,111,116,111,116,121,112,101,18,26,8,50,18,14,65,99,116,105,111,110,68,101,97,108,84,105,108,101,26,6,157,118,113,76,102,204]
res[1,10,19,46,108,113,46,65,99,116,105,111,110,80,114,111,116,111,116,121,112,101,18,37,8,51,18,17,65,99,116,105,111,110,68,105,115,99,97,114,100,84,105,108,101,26,14,149,126,99,104,81,174,78,156,117,202,153,158,223,147]
res[1,10,19,46,108,113,46,65,99,116,105,111,110,80,114,111,116,111,116,121,112,101,18,26,8,52,18,14,65,99,116,105,111,110,68,101,97,108,84,105,108,101,26,6,157,119,113,79,102,204]
req[2,156,0,10,30,46,108,113,46,70,97,115,116,84,101,115,116,46,99,104,101,99,107,78,101,116,119,111,114,107,68,101,108,97,121,18,0]
res[3,156,0,10,0,18,0]
res[1,10,19,46,108,113,46,65,99,116,105,111,110,80,114,111,116,111,116,121,112,101,18,37,8,53,18,17,65,99,116,105,111,110,68,105,115,99,97,114,100,84,105,108,101,26,14,149,127,99,104,80,174,78,156,117,202,153,158,223,147]
res[1,10,19,46,108,113,46,65,99,116,105,111,110,80,114,111,116,111,116,121,112,101,18,44,8,54,18,14,65,99,116,105,111,110,68,101,97,108,84,105,108,101,26,24,155,114,117,98,105,185,84,190,113,204,151,148,159,139,255,120,159,128,197,44,102,168,142,36]
req[2,157,0,10,27,46,108,113,46,70,97,115,116,84,101,115,116,46,105,110,112,117,116,79,112,101,114,97,116,105,111,110,18,12,8,1,26,2,53,115,40,1,48,0,56,0]
req[2,158,0,10,30,46,108,113,46,70,97,115,116,84,101,115,116,46,99,104,101,99,107,78,101,116,119,111,114,107,68,101,108,97,121,18,0]
res[3,157,0,10,0,18,0]
res[3,158,0,10,0,18,0]
res[1,10,19,46,108,113,46,65,99,116,105,111,110,80,114,111,116,111,116,121,112,101,18,37,8,55,18,17,65,99,116,105,111,110,68,105,115,99,97,114,100,84,105,108,101,26,14,149,124,99,104,83,167,78,156,117,203,153,158,223,147]
res[1,10,19,46,108,113,46,65,99,116,105,111,110,80,114,111,116,111,116,121,112,101,18,26,8,56,18,14,65,99,116,105,111,110,68,101,97,108,84,105,108,101,26,6,157,117,113,73,102,204]
req[2,159,0,10,30,46,108,113,46,70,97,115,116,84,101,115,116,46,99,104,101,99,107,78,101,116,119,111,114,107,68,101,108,97,121,18,0]
res[1,10,19,46,108,113,46,65,99,116,105,111,110,80,114,111,116,111,116,121,112,101,18,37,8,57,18,17,65,99,116,105,111,110,68,105,115,99,97,114,100,84,105,108,101,26,14,149,125,99,104,87,174,78,156,117,203,153,158,223,147]
res[3,159,0,10,0,18,0]
res[1,10,19,46,108,113,46,65,99,116,105,111,110,80,114,111,116,111,116,121,112,101,18,26,8,58,18,14,65,99,116,105,111,110,68,101,97,108,84,105,108,101,26,6,157,118,113,72,102,204]
res[1,10,19,46,108,113,46,65,99,116,105,111,110,80,114,111,116,111,116,121,112,101,18,37,8,59,18,17,65,99,116,105,111,110,68,105,115,99,97,114,100,84,105,108,101,26,14,149,126,99,104,84,185,78,156,117,202,153,158,223,147]
res[1,10,19,46,108,113,46,65,99,116,105,111,110,80,114,111,116,111,116,121,112,101,18,26,8,60,18,14,65,99,116,105,111,110,68,101,97,108,84,105,108,101,26,6,157,119,113,75,102,204]
res[1,10,19,46,108,113,46,65,99,116,105,111,110,80,114,111,116,111,116,121,112,101,18,37,8,61,18,17,65,99,116,105,111,110,68,105,115,99,97,114,100,84,105,108,101,26,14,149,127,99,104,85,174,78,156,117,202,153,158,223,147]
req[2,160,0,10,30,46,108,113,46,70,97,115,116,84,101,115,116,46,99,104,101,99,107,78,101,116,119,111,114,107,68,101,108,97,121,18,0]
res[1,10,19,46,108,113,46,65,99,116,105,111,110,80,114,111,116,111,116,121,112,101,18,44,8,62,18,14,65,99,116,105,111,110,68,101,97,108,84,105,108,101,26,24,155,114,117,98,110,185,84,186,113,204,151,148,159,139,255,120,159,128,197,44,102,168,142,36]
res[3,160,0,10,0,18,0]
req[2,161,0,10,30,46,108,113,46,70,97,115,116,84,101,115,116,46,99,104,101,99,107,78,101,116,119,111,114,107,68,101,108,97,121,18,0]
req[2,162,0,10,27,46,108,113,46,70,97,115,116,84,101,115,116,46,105,110,112,117,116,79,112,101,114,97,116,105,111,110,18,12,8,1,26,2,50,115,40,1,48,2,56,0]
res[3,161,0,10,0,18,0]
res[3,162,0,10,0,18,0]
res[1,10,19,46,108,113,46,65,99,116,105,111,110,80,114,111,116,111,116,121,112,101,18,37,8,63,18,17,65,99,116,105,111,110,68,105,115,99,97,114,100,84,105,108,101,26,14,149,124,99,104,84,167,78,156,117,203,153,158,223,147]
res[1,10,19,46,108,113,46,65,99,116,105,111,110,80,114,111,116,111,116,121,112,101,18,26,8,64,18,14,65,99,116,105,111,110,68,101,97,108,84,105,108,101,26,6,157,117,113,69,102,204]
res[1,10,19,46,108,113,46,65,99,116,105,111,110,80,114,111,116,111,116,121,112,101,18,26,8,66,18,14,65,99,116,105,111,110,68,101,97,108,84,105,108,101,26,6,157,118,113,68,102,204]
res[1,10,19,46,108,113,46,65,99,116,105,111,110,80,114,111,116,111,116,121,112,101,18,37,8,65,18,17,65,99,116,105,111,110,68,105,115,99,97,114,100,84,105,108,101,26,14,149,125,99,104,82,167,78,156,117,202,153,158,223,147]
res[1,10,19,46,108,113,46,65,99,116,105,111,110,80,114,111,116,111,116,121,112,101,18,37,8,67,18,17,65,99,116,105,111,110,68,105,115,99,97,114,100,84,105,108,101,26,14,149,126,99,104,87,174,78,156,117,203,153,158,223,147]
res[1,10,19,46,108,113,46,65,99,116,105,111,110,80,114,111,116,111,116,121,112,101,18,26,8,68,18,14,65,99,116,105,111,110,68,101,97,108,84,105,108,101,26,6,157,119,113,71,102,204]
res[1,10,19,46,108,113,46,65,99,116,105,111,110,80,114,111,116,111,116,121,112,101,18,37,8,69,18,17,65,99,116,105,111,110,68,105,115,99,97,114,100,84,105,108,101,26,14,149,127,99,104,81,174,78,156,117,203,153,158,223,147]
req[2,163,0,10,30,46,108,113,46,70,97,115,116,84,101,115,116,46,99,104,101,99,107,78,101,116,119,111,114,107,68,101,108,97,121,18,0]
res[1,10,19,46,108,113,46,65,99,116,105,111,110,80,114,111,116,111,116,121,112,101,18,44,8,70,18,14,65,99,116,105,111,110,68,101,97,108,84,105,108,101,26,24,155,114,117,98,109,176,84,182,113,204,151,148,159,139,255,120,159,128,197,44,102,168,142,36]
res[3,163,0,10,0,18,0]
req[2,164,0,10,27,46,108,113,46,70,97,115,116,84,101,115,116,46,105,110,112,117,116,79,112,101,114,97,116,105,111,110,18,12,8,1,26,2,49,122,40,1,48,1,56,0]
res[3,164,0,10,0,18,0]
res[1,10,19,46,108,113,46,65,99,116,105,111,110,80,114,111,116,111,116,121,112,101,18,37,8,71,18,17,65,99,116,105,111,110,68,105,115,99,97,114,100,84,105,108,101,26,14,149,124,99,104,87,174,78,156,117,203,153,158,223,147]
req[2,165,0,10,30,46,108,113,46,70,97,115,116,84,101,115,116,46,99,104,101,99,107,78,101,116,119,111,114,107,68,101,108,97,121,18,0]
res[1,10,19,46,108,113,46,65,99,116,105,111,110,80,114,111,116,111,116,121,112,101,18,26,8,72,18,14,65,99,116,105,111,110,68,101,97,108,84,105,108,101,26,6,157,117,113,65,102,204]
res[1,10,19,46,108,113,46,65,99,116,105,111,110,80,114,111,116,111,116,121,112,101,18,37,8,73,18,17,65,99,116,105,111,110,68,105,115,99,97,114,100,84,105,108,101,26,14,149,125,99,104,80,167,78,156,117,202,153,158,223,147]
res[1,10,19,46,108,113,46,65,99,116,105,111,110,80,114,111,116,111,116,121,112,101,18,26,8,74,18,14,65,99,116,105,111,110,68,101,97,108,84,105,108,101,26,6,157,118,113,64,102,204]
res[3,165,0,10,0,18,0]
res[1,10,19,46,108,113,46,65,99,116,105,111,110,80,114,111,116,111,116,121,112,101,18,37,8,75,18,17,65,99,116,105,111,110,68,105,115,99,97,114,100,84,105,108,101,26,14,149,126,99,104,82,185,78,156,117,203,153,158,223,147]
req[2,166,0,10,30,46,108,113,46,70,97,115,116,84,101,115,116,46,99,104,101,99,107,78,101,116,119,111,114,107,68,101,108,97,121,18,0]
res[1,10,19,46,108,113,46,65,99,116,105,111,110,80,114,111,116,111,116,121,112,101,18,26,8,76,18,14,65,99,116,105,111,110,68,101,97,108,84,105,108,101,26,6,157,119,113,67,102,204]
res[1,10,19,46,108,113,46,65,99,116,105,111,110,80,114,111,116,111,116,121,112,101,18,37,8,77,18,17,65,99,116,105,111,110,68,105,115,99,97,114,100,84,105,108,101,26,14,149,127,99,104,95,164,78,156,117,203,153,158,223,147]
res[1,10,19,46,108,113,46,65,99,116,105,111,110,80,114,111,116,111,116,121,112,101,18,74,8,78,18,14,65,99,116,105,111,110,68,101,97,108,84,105,108,101,26,54,173,132,107,112,86,177,70,132,71,222,185,166,141,153,1,138,241,146,215,62,116,222,240,54,250,226,181,46,57,109,233,245,121,241,33,238,110,85,61,38,58,144,50,88,49,152,85,91,107,79,253,63,205,110]
res[3,166,0,10,0,18,0]
req[2,167,0,10,27,46,108,113,46,70,97,115,116,84,101,115,116,46,105,110,112,117,116,79,112,101,114,97,116,105,111,110,18,12,8,1,26,2,50,109,40,0,48,1,56,0]
res[3,167,0,10,0,18,0]
res[1,10,19,46,108,113,46,65,99,116,105,111,110,80,114,111,116,111,116,121,112,101,18,59,8,79,18,17,65,99,116,105,111,110,68,105,115,99,97,114,100,84,105,108,101,26,36,191,150,153,134,178,131,104,182,95,228,243,184,139,185,17,159,212,201,1,240,253,222,250,72,226,14,225,63,37,18,75,7,61,223,117,254]
res[1,10,19,46,108,113,46,65,99,116,105,111,110,80,114,111,116,111,116,121,112,101,18,26,8,80,18,14,65,99,116,105,111,110,68,101,97,108,84,105,108,101,26,6,157,117,113,125,102,204]
req[2,168,0,10,30,46,108,113,46,70,97,115,116,84,101,115,116,46,99,104,101,99,107,78,101,116,119,111,114,107,68,101,108,97,121,18,0]
res[1,10,19,46,108,113,46,65,99,116,105,111,110,80,114,111,116,111,116,121,112,101,18,37,8,81,18,17,65,99,116,105,111,110,68,105,115,99,97,114,100,84,105,108,101,26,14,149,125,99,104,85,174,78,156,117,203,153,158,223,147]
res[1,10,19,46,108,113,46,65,99,116,105,111,110,80,114,111,116,111,116,121,112,101,18,26,8,82,18,14,65,99,116,105,111,110,68,101,97,108,84,105,108,101,26,6,157,118,113,124,102,204]
res[1,10,19,46,108,113,46,65,99,116,105,111,110,80,114,111,116,111,116,121,112,101,18,37,8,83,18,17,65,99,116,105,111,110,68,105,115,99,97,114,100,84,105,108,101,26,14,149,126,99,104,87,167,78,156,117,202,153,158,223,147]
res[3,168,0,10,0,18,0]
res[1,10,19,46,108,113,46,65,99,116,105,111,110,80,114,111,116,111,116,121,112,101,18,26,8,84,18,14,65,99,116,105,111,110,68,101,97,108,84,105,108,101,26,6,157,119,113,127,102,204]
res[1,10,19,46,108,113,46,65,99,116,105,111,110,80,114,111,116,111,116,121,112,101,18,37,8,85,18,17,65,99,116,105,111,110,68,105,115,99,97,114,100,84,105,108,101,26,14,149,127,99,104,83,167,78,156,117,202,153,158,223,147]
res[1,10,19,46,108,113,46,65,99,116,105,111,110,80,114,111,116,111,116,121,112,101,18,74,8,86,18,14,65,99,116,105,111,110,68,101,97,108,84,105,108,101,26,54,173,132,107,112,88,175,70,184,71,222,185,166,141,153,1,138,241,146,215,62,116,222,240,54,250,226,181,46,61,115,233,245,121,241,33,238,110,85,61,38,58,144,50,88,49,152,85,91,107,79,253,63,205,110]
req[2,169,0,10,30,46,108,113,46,70,97,115,116,84,101,115,116,46,99,104,101,99,107,78,101,116,119,111,114,107,68,101,108,97,121,18,0]
req[2,170,0,10,26,46,108,113,46,70,97,115,116,84,101,115,116,46,116,101,114,109,105,110,97,116,101,71,97,109,101,18,0]
res[3,169,0,10,0,18,0]
res[1,10,23,46,108,113,46,78,111,116,105,102,121,71,97,109,101,84,101,114,109,105,110,97,116,101,18,23,10,21,117,115,101,114,45,109,97,110,117,97,108,45,116,101,114,109,105,110,97,116,101]
res[3,170,0,10,0,18,0]
